mass_A
t	x	y
0,000000000E0	-6,118365443E1	5,015434291E1
1,000000000E-2	-6,118566279E1	5,015955678E1
2,000000000E-2	-6,118337057E1	5,015875309E1
3,000000000E-2	-6,118176874E1	5,016040279E1
4,000000000E-2	-6,118462860E1	5,016217903E1
5,000000000E-2	-6,117815993E1	5,016030544E1
6,000000000E-2	-6,115354286E1	5,012793676E1
7,000000000E-2	-6,113365837E1	5,002107561E1
8,000000000E-2	-6,106071997E1	4,982900881E1
9,000000000E-2	-6,095120450E1	4,958871060E1
1,000000000E-1	-6,082476710E1	4,929855896E1
1,100000000E-1	-6,068199925E1	4,894848452E1
1,200000000E-1	-6,048317395E1	4,855770111E1
1,300000000E-1	-6,027188925E1	4,810596951E1
1,400000000E-1	-6,001777598E1	4,758440000E1
1,500000000E-1	-5,975146582E1	4,700944726E1
1,600000000E-1	-5,947490133E1	4,635354317E1
1,700000000E-1	-5,914738970E1	4,565591601E1
1,800000000E-1	-5,879539802E1	4,491687107E1
1,900000000E-1	-5,840926958E1	4,409838007E1
2,000000000E-1	-5,801563676E1	4,322344077E1
2,100000000E-1	-5,757170109E1	4,231162296E1
2,200000000E-1	-5,709721494E1	4,135724863E1
2,300000000E-1	-5,660366883E1	4,034113159E1
2,400000000E-1	-5,605371173E1	3,924166204E1
2,500000000E-1	-5,545546733E1	3,812388176E1
2,600000000E-1	-5,481323191E1	3,694697799E1
2,700000000E-1	-5,416542869E1	3,572297726E1
2,800000000E-1	-5,346735390E1	3,448546302E1
2,900000000E-1	-5,270810851E1	3,316438468E1
3,000000000E-1	-5,191709409E1	3,184615212E1
3,100000000E-1	-5,105543291E1	3,046611944E1
3,200000000E-1	-5,014012109E1	2,906007285E1
3,300000000E-1	-4,915943038E1	2,762459593E1
3,400000000E-1	-4,812988400E1	2,617837204E1
3,500000000E-1	-4,704828094E1	2,469790658E1
3,600000000E-1	-4,586788706E1	2,317653988E1
3,700000000E-1	-4,464479515E1	2,172564525E1
3,800000000E-1	-4,326862196E1	2,014503987E1
3,900000000E-1	-4,201247520E1	1,872313706E1
4,000000000E-1	-4,056078787E1	1,717176123E1
4,100000000E-1	-3,904397068E1	1,566006785E1
4,200000000E-1	-3,744604182E1	1,418291185E1
4,300000000E-1	-3,576313299E1	1,272257752E1
4,400000000E-1	-3,398249400E1	1,131652171E1
4,500000000E-1	-3,211319663E1	9,977939669E0
4,600000000E-1	-3,014894814E1	8,743119774E0
4,700000000E-1	-2,810286938E1	7,569113975E0
4,800000000E-1	-2,605416998E1	6,489895259E0
4,900000000E-1	-2,370014388E1	5,628613476E0
5,200000000E-1	-1,674247420E1	3,348693480E0
5,300000000E-1	-1,434510310E1	2,811467337E0
5,400000000E-1	-1,188543066E1	2,370166252E0
5,500000000E-1	-9,432892276E0	2,022280501E0
5,600000000E-1	-6,860064189E0	1,733351539E0
5,700000000E-1	-4,488770709E0	1,511167028E0
5,800000000E-1	-2,022939635E0	1,322810216E0
5,900000000E-1	4,635063617E-1	1,195647345E0
6,000000000E-1	2,951616977E0	1,223100335E0
6,100000000E-1	5,424970140E0	1,293584751E0
6,200000000E-1	7,809189214E0	1,422733164E0
6,300000000E-1	1,020191039E1	1,768298822E0
6,400000000E-1	1,260830758E1	1,924192186E0
6,500000000E-1	1,500124125E1	2,265245322E0
6,600000000E-1	1,739374726E1	2,698189316E0
6,700000000E-1	1,974720198E1	3,203345182E0
6,800000000E-1	2,203204864E1	3,829564515E0
6,900000000E-1	2,427319651E1	4,594155213E0
7,000000000E-1	2,642795379E1	5,403090415E0
7,100000000E-1	2,789179792E1	1,200310029E0
7,200000000E-1	3,063758020E1	7,226825558E0
7,300000000E-1	3,266225108E1	8,264437140E0
7,400000000E-1	3,459345607E1	9,442754332E0
7,500000000E-1	3,642417266E1	1,063878442E1
7,600000000E-1	3,816939013E1	1,189944258E1
7,700000000E-1	3,979965147E1	1,319689813E1
7,800000000E-1	4,133456805E1	1,451317457E1
7,900000000E-1	4,276497055E1	1,582882759E1
8,000000000E-1	4,414442033E1	1,719721567E1
8,100000000E-1	4,545753061E1	1,851337783E1
8,200000000E-1	4,664028878E1	1,997703196E1
8,300000000E-1	4,787387414E1	2,126721659E1
8,400000000E-1	4,900702660E1	2,261628801E1
8,500000000E-1	5,007050204E1	2,396828103E1
8,600000000E-1	5,104324701E1	2,525040793E1
8,700000000E-1	5,195746845E1	2,654324595E1
8,800000000E-1	5,285088718E1	2,779640739E1
8,900000000E-1	5,366237875E1	2,900111191E1
9,000000000E-1	5,440525382E1	3,018787330E1
9,100000000E-1	5,510605188E1	3,135406850E1
9,200000000E-1	5,578406045E1	3,246006346E1
9,300000000E-1	5,640290901E1	3,353699908E1
9,400000000E-1	5,695514003E1	3,456825260E1
9,500000000E-1	5,749539037E1	3,557469553E1
9,600000000E-1	5,798442294E1	3,651319595E1
9,700000000E-1	5,845070849E1	3,739880697E1
9,800000000E-1	5,885611433E1	3,824440064E1
9,900000000E-1	5,926487252E1	3,899505352E1
1,000000000E0	5,962992719E1	3,971564695E1
1,010000000E0	5,994924992E1	4,040347231E1
1,020000000E0	6,021574488E1	4,098512009E1
1,030000000E0	6,050171329E1	4,153161208E1
1,040000000E0	6,073527659E1	4,200419233E1
1,050000000E0	6,095679834E1	4,244134827E1
1,060000000E0	6,117778526E1	4,280588400E1
1,070000000E0	6,134998010E1	4,316410671E1
1,080000000E0	6,154376815E1	4,343655240E1
1,090000000E0	6,169695047E1	4,367557312E1
1,100000000E0	6,178945170E1	4,388365732E1
1,110000000E0	6,186768010E1	4,402330462E1
1,120000000E0	6,192079285E1	4,411292672E1
1,130000000E0	6,195410048E1	4,413999958E1
1,140000000E0	6,196020927E1	4,413511687E1
1,150000000E0	6,195256027E1	4,405029886E1
1,160000000E0	6,191255098E1	4,390780444E1
1,170000000E0	6,182016255E1	4,373368053E1
1,180000000E0	6,170315785E1	4,349826905E1
1,190000000E0	6,157966482E1	4,317760806E1
1,200000000E0	6,142321297E1	4,281045934E1
1,210000000E0	6,123048707E1	4,242172717E1
1,220000000E0	6,099352426E1	4,195181762E1
1,230000000E0	6,075272487E1	4,138967800E1
1,240000000E0	6,049308533E1	4,080444249E1
1,250000000E0	6,015878607E1	4,017268143E1
1,260000000E0	5,982803157E1	3,947573075E1
1,270000000E0	5,944330755E1	3,872437905E1
1,280000000E0	5,904522966E1	3,790384447E1
1,290000000E0	5,859870854E1	3,705020908E1
1,300000000E0	5,811816676E1	3,613481192E1
1,310000000E0	5,760662703E1	3,518806065E1
1,320000000E0	5,705985663E1	3,418757845E1
1,330000000E0	5,644823279E1	3,314492737E1
1,340000000E0	5,580383599E1	3,205410478E1
1,350000000E0	5,511261145E1	3,090639818E1
1,360000000E0	5,437825878E1	2,971453549E1
1,370000000E0	5,358931442E1	2,851989410E1
1,380000000E0	5,273228765E1	2,731669433E1
1,390000000E0	5,180425182E1	2,603908195E1
1,400000000E0	5,082475680E1	2,474173427E1
1,410000000E0	4,979295083E1	2,343501394E1
1,420000000E0	4,869207923E1	2,209948071E1
1,430000000E0	4,750944143E1	2,070420085E1
1,440000000E0	4,623156817E1	1,942877317E1
1,450000000E0	4,496483799E1	1,797926019E1
1,460000000E0	4,365557564E1	1,665155420E1
1,470000000E0	4,218702553E1	1,528640279E1
1,480000000E0	4,068198495E1	1,393483961E1
1,490000000E0	3,907917426E1	1,262424336E1
1,500000000E0	3,740711606E1	1,134461850E1
1,510000000E0	3,567533604E1	1,010812778E1
1,520000000E0	3,381215229E1	8,970627817E0
1,530000000E0	3,187304986E1	7,833458683E0
1,540000000E0	2,990012586E1	6,821179232E0
1,550000000E0	2,786772026E1	5,960119936E0
1,560000000E0	2,574894246E1	5,014251620E0
1,570000000E0	2,357549936E1	4,258727797E0
1,580000000E0	2,136181962E1	3,571989937E0
1,590000000E0	1,910481901E1	2,983458411E0
1,600000000E0	1,683981252E1	2,511508428E0
1,610000000E0	1,456842540E1	2,110039364E0
1,620000000E0	1,223272302E1	1,784577551E0
1,630000000E0	9,889879606E0	1,626836848E0
1,640000000E0	7,584277515E0	1,301063792E0
1,650000000E0	5,208752283E0	1,180308337E0
1,660000000E0	2,848639844E0	1,121750793E0
1,670000000E0	4,588459128E-1	1,121675819E0
1,680000000E0	-1,894924498E0	1,250920587E0
1,690000000E0	-4,251211374E0	1,395252786E0
1,700000000E0	-6,542585593E0	1,617980959E0
1,710000000E0	-8,974280942E0	1,919887007E0
1,720000000E0	-1,124837580E1	2,229833039E0
1,730000000E0	-1,352758536E1	2,608430738E0
1,740000000E0	-1,580690542E1	3,074763553E0
1,750000000E0	-1,806685314E1	3,653521465E0
1,760000000E0	-2,027036672E1	4,350656156E0
1,770000000E0	-2,236594291E1	5,072750879E0
1,780000000E0	-2,439720641E1	5,873798572E0
1,790000000E0	-2,557632023E1	2,875710639E0
1,800000000E0	-2,840712795E1	7,741075953E0
1,820000000E0	-3,201405548E1	9,933980725E0
1,830000000E0	-3,371230574E1	1,113111978E1
1,840000000E0	-3,531089145E1	1,236362119E1
1,850000000E0	-3,683785246E1	1,360864356E1
1,860000000E0	-3,830011498E1	1,488625916E1
1,870000000E0	-3,965342446E1	1,619700395E1
1,880000000E0	-4,095757030E1	1,749802389E1
1,890000000E0	-4,218932321E1	1,883570758E1
1,900000000E0	-4,334561584E1	2,003168047E1
1,910000000E0	-4,443441887E1	2,137076667E1
1,920000000E0	-4,552303008E1	2,259568591E1
1,930000000E0	-4,654000664E1	2,387014795E1
1,940000000E0	-4,747765717E1	2,511549860E1
1,950000000E0	-4,833593080E1	2,631217645E1
1,960000000E0	-4,915775157E1	2,746933366E1
1,970000000E0	-4,996750143E1	2,861018614E1
1,980000000E0	-5,072559654E1	2,970304681E1
1,990000000E0	-5,138514477E1	3,076769027E1
2,000000000E0	-5,202125670E1	3,180084693E1
2,010000000E0	-5,263006825E1	3,277404014E1
2,020000000E0	-5,320813816E1	3,373988132E1
2,030000000E0	-5,373037972E1	3,463868075E1
2,040000000E0	-5,421489601E1	3,549007169E1
2,050000000E0	-5,465674614E1	3,627509361E1
2,060000000E0	-5,506230054E1	3,703218368E1
2,070000000E0	-5,543020480E1	3,773526497E1
2,080000000E0	-5,578163498E1	3,837203935E1
2,090000000E0	-5,611114476E1	3,894992392E1
2,100000000E0	-5,638327616E1	3,951721907E1
2,110000000E0	-5,663944648E1	4,002622782E1
2,120000000E0	-5,687489431E1	4,046226106E1
2,130000000E0	-5,708300182E1	4,081749130E1
2,140000000E0	-5,724880405E1	4,113530440E1
2,150000000E0	-5,738733532E1	4,140644672E1
2,160000000E0	-5,747679733E1	4,161428738E1
2,170000000E0	-5,757490053E1	4,175171492E1
2,180000000E0	-5,762506128E1	4,187061686E1
2,190000000E0	-5,767697093E1	4,190784175E1
2,200000000E0	-5,769656378E1	4,190226464E1
2,210000000E0	-5,768337829E1	4,185485290E1
2,220000000E0	-5,765539753E1	4,173966629E1
2,230000000E0	-5,757467398E1	4,160251300E1
2,240000000E0	-5,746653504E1	4,137318721E1
2,250000000E0	-5,733693659E1	4,111870323E1
2,260000000E0	-5,720641757E1	4,077130735E1
2,270000000E0	-5,698698080E1	4,040152493E1
2,280000000E0	-5,678882394E1	3,995330782E1
2,290000000E0	-5,651220965E1	3,945306043E1
2,300000000E0	-5,625698959E1	3,889742842E1
2,310000000E0	-5,596933272E1	3,826060425E1
2,320000000E0	-5,563321086E1	3,762802163E1
2,330000000E0	-5,527334826E1	3,691564948E1
2,340000000E0	-5,485380710E1	3,616976529E1
2,350000000E0	-5,443255607E1	3,534782248E1
2,360000000E0	-5,395989821E1	3,450500229E1
2,370000000E0	-5,341439685E1	3,362655689E1
2,380000000E0	-5,286770887E1	3,267097668E1
2,390000000E0	-5,227145837E1	3,171190807E1
2,400000000E0	-5,158213308E1	3,068073651E1
2,410000000E0	-5,087122876E1	2,960329062E1
2,420000000E0	-5,010964691E1	2,848460700E1
2,430000000E0	-4,928433763E1	2,733888002E1
2,440000000E0	-4,842977759E1	2,615529747E1
2,450000000E0	-4,751956008E1	2,497517001E1
2,460000000E0	-4,652564796E1	2,373926041E1
2,470000000E0	-4,546472979E1	2,246324657E1
2,480000000E0	-4,432387548E1	2,127483221E1
2,490000000E0	-4,315601085E1	1,993398276E1
2,500000000E0	-4,206374533E1	1,867351942E1
2,510000000E0	-4,081482811E1	1,734260335E1
2,520000000E0	-3,949775806E1	1,602779517E1
2,530000000E0	-3,809482699E1	1,472028697E1
2,540000000E0	-3,663097840E1	1,344347011E1
2,550000000E0	-3,508774641E1	1,219257269E1
2,560000000E0	-3,346237604E1	1,099945873E1
2,570000000E0	-3,177680792E1	9,829165830E0
2,580000000E0	-3,000614504E1	8,708883836E0
2,590000000E0	-2,813993839E1	7,652934875E0
2,600000000E0	-2,627493110E1	6,840848839E0
2,610000000E0	-2,419698633E1	5,853921752E0
2,630000000E0	-2,013519448E1	4,323377667E0
2,640000000E0	-1,794310877E1	3,627076546E0
2,650000000E0	-1,577801949E1	3,082404435E0
2,660000000E0	-1,355060962E1	2,609003555E0
2,670000000E0	-1,131758299E1	2,232937921E0
2,680000000E0	-9,105029471E0	1,900999409E0
2,690000000E0	-6,734207179E0	1,639040329E0
2,700000000E0	-4,520065882E0	1,420594887E0
2,710000000E0	-2,239504041E0	1,258934446E0
2,720000000E0	5,575635509E-2	1,154651237E0
2,730000000E0	2,350542709E0	1,147165909E0
2,740000000E0	4,636884862E0	1,174929165E0
2,750000000E0	6,946509649E0	1,312511305E0
2,760000000E0	9,013013068E0	1,425800106E0
2,770000000E0	1,143330318E1	1,750735700E0
2,780000000E0	1,360726988E1	1,997489711E0
2,790000000E0	1,577558141E1	2,362701593E0
2,800000000E0	1,795678592E1	2,793255794E0
2,810000000E0	2,009225313E1	3,313781200E0
2,820000000E0	2,219428807E1	3,934993555E0
2,830000000E0	2,424363772E1	4,631488513E0
2,840000000E0	2,622306317E1	5,452856055E0
2,850000000E0	2,813551291E1	6,247371917E0
2,860000000E0	2,997623843E1	7,048781320E0
2,870000000E0	3,177193607E1	7,989368539E0
2,880000000E0	3,350023041E1	9,024732770E0
2,890000000E0	3,515300495E1	1,008030380E1
2,900000000E0	3,671897213E1	1,117424102E1
2,910000000E0	3,820501114E1	1,230459032E1
2,920000000E0	3,962463701E1	1,347991545E1
2,930000000E0	4,099595317E1	1,466308996E1
2,940000000E0	4,221338357E1	1,585944828E1
2,950000000E0	4,340269971E1	1,704302576E1
2,960000000E0	4,451471641E1	1,821118538E1
2,970000000E0	4,567021182E1	1,931419497E1
2,980000000E0	4,667975280E1	2,041958831E1
2,990000000E0	4,767517847E1	2,153626337E1
3,000000000E0	4,863669952E1	2,268147068E1
3,010000000E0	4,954296139E1	2,377705766E1
3,020000000E0	5,039262618E1	2,485282922E1
3,030000000E0	5,120974136E1	2,586850916E1
3,040000000E0	5,196442663E1	2,689052520E1
3,050000000E0	5,268042809E1	2,787556452E1
3,060000000E0	5,336041235E1	2,880945476E1
3,070000000E0	5,399199854E1	2,970240165E1
3,080000000E0	5,456676863E1	3,056608204E1
3,090000000E0	5,510465229E1	3,137684725E1
3,100000000E0	5,561523485E1	3,215868031E1
3,110000000E0	5,605764650E1	3,286121797E1
3,120000000E0	5,644381025E1	3,353420174E1
3,130000000E0	5,677759190E1	3,414337421E1
3,140000000E0	5,710676985E1	3,471140662E1
3,150000000E0	5,737801372E1	3,522788261E1
3,160000000E0	5,761581261E1	3,569206309E1
3,170000000E0	5,784353659E1	3,608763159E1
3,180000000E0	5,802385878E1	3,642984239E1
3,190000000E0	5,817686657E1	3,671041081E1
3,200000000E0	5,832768284E1	3,697260884E1
3,210000000E0	5,842465071E1	3,716203220E1
3,220000000E0	5,847629765E1	3,733062979E1
3,230000000E0	5,850020955E1	3,742993371E1
3,240000000E0	5,847753657E1	3,749834276E1
3,250000000E0	5,846220441E1	3,751147113E1
3,260000000E0	5,843362415E1	3,748272317E1
3,270000000E0	5,834288308E1	3,738739941E1
3,280000000E0	5,822661765E1	3,722819028E1
3,290000000E0	5,809591971E1	3,702508848E1
3,300000000E0	5,794634158E1	3,675684944E1
3,310000000E0	5,773507554E1	3,643176567E1
3,320000000E0	5,749880517E1	3,606651080E1
3,330000000E0	5,725672195E1	3,561376714E1
3,340000000E0	5,698039862E1	3,512180288E1
3,350000000E0	5,665266825E1	3,462707109E1
3,360000000E0	5,631601924E1	3,405771951E1
3,370000000E0	5,595005783E1	3,344411488E1
3,380000000E0	5,556405097E1	3,280871568E1
3,390000000E0	5,514975753E1	3,209212717E1
3,400000000E0	5,472854981E1	3,134469683E1
3,410000000E0	5,425345979E1	3,053145657E1
3,420000000E0	5,375103227E1	2,966284797E1
3,430000000E0	5,319207557E1	2,876010418E1
3,440000000E0	5,257072925E1	2,784363140E1
3,450000000E0	5,191579902E1	2,690139945E1
3,460000000E0	5,121985031E1	2,590811666E1
3,470000000E0	5,045339322E1	2,487808033E1
3,480000000E0	4,966361717E1	2,379336820E1
3,490000000E0	4,881281509E1	2,269963184E1
3,500000000E0	4,788995214E1	2,156976254E1
3,510000000E0	4,691277837E1	2,044708780E1
3,520000000E0	4,585211439E1	1,924045696E1
3,530000000E0	4,474885309E1	1,812781496E1
3,540000000E0	4,366329521E1	1,691982715E1
3,550000000E0	4,242997985E1	1,571497739E1
3,560000000E0	4,115008757E1	1,450661986E1
3,570000000E0	3,979951894E1	1,333673529E1
3,580000000E0	3,836297960E1	1,216205768E1
3,590000000E0	3,687987354E1	1,101895774E1
3,600000000E0	3,533939586E1	9,940579681E0
3,610000000E0	3,366680027E1	8,931146647E0
3,620000000E0	3,193595458E1	7,921508189E0
3,630000000E0	3,012650015E1	6,996837671E0
3,640000000E0	2,834731888E1	6,290376527E0
3,650000000E0	2,639277909E1	5,402127579E0
3,660000000E0	2,441186142E1	4,649132936E0
3,670000000E0	2,243616431E1	3,964874327E0
3,680000000E0	2,039716034E1	3,361603168E0
3,690000000E0	1,830142602E1	2,858570772E0
3,700000000E0	1,618213564E1	2,472405628E0
3,710000000E0	1,404301975E1	2,128996380E0
3,720000000E0	1,187926119E1	1,880766398E0
3,730000000E0	9,611342787E0	1,625949583E0
3,740000000E0	7,540635596E0	1,411320463E0
3,750000000E0	5,356255599E0	1,301089661E0
3,760000000E0	3,187442392E0	1,258701806E0
3,770000000E0	9,902978795E-1	1,264745591E0
3,780000000E0	-1,170441959E0	1,362668476E0
3,790000000E0	-3,308836189E0	1,520412342E0
3,800000000E0	-5,474599108E0	1,700021980E0
3,810000000E0	-7,596001222E0	1,992946022E0
3,820000000E0	-9,732849489E0	2,237659901E0
3,830000000E0	-1,182124400E1	2,548181031E0
3,840000000E0	-1,384879311E1	2,887428021E0
3,850000000E0	-1,592005138E1	3,330535618E0
3,860000000E0	-1,796518429E1	3,849172716E0
3,870000000E0	-2,000193694E1	4,501714166E0
3,880000000E0	-2,189534044E1	5,183442224E0
3,890000000E0	-2,381480931E1	5,899210055E0
3,900000000E0	-2,564824725E1	6,715084918E0
3,910000000E0	-2,740604717E1	7,425615387E0
3,920000000E0	-2,913809703E1	8,367710646E0
3,930000000E0	-3,078468812E1	9,384215282E0
3,940000000E0	-3,233711031E1	1,041345898E1
3,950000000E0	-3,386243937E1	1,145172308E1
3,960000000E0	-3,530866731E1	1,251596578E1
3,970000000E0	-3,665320964E1	1,363287172E1
3,980000000E0	-3,796854356E1	1,475743052E1
3,990000000E0	-3,922752909E1	1,587747743E1
4,000000000E0	-4,039617493E1	1,702244836E1
4,010000000E0	-4,152083820E1	1,813389076E1
4,020000000E0	-4,256344493E1	1,926836688E1
4,030000000E0	-4,352545896E1	2,038883492E1
4,040000000E0	-4,443088409E1	2,146778819E1
4,050000000E0	-4,543268982E1	2,244174787E1
4,060000000E0	-4,626589797E1	2,345623004E1
4,070000000E0	-4,706918450E1	2,445569580E1
4,080000000E0	-4,781463385E1	2,538027462E1
4,090000000E0	-4,847334425E1	2,630867008E1
4,100000000E0	-4,910607945E1	2,715346850E1
4,110000000E0	-4,970845636E1	2,799420813E1
4,120000000E0	-5,024129222E1	2,883893183E1
4,130000000E0	-5,074704190E1	2,962183042E1
4,140000000E0	-5,119497848E1	3,037912896E1
4,150000000E0	-5,163854241E1	3,106868850E1
4,160000000E0	-5,202955312E1	3,171971901E1
4,170000000E0	-5,238988854E1	3,232546865E1
4,180000000E0	-5,271892814E1	3,285224290E1
4,190000000E0	-5,300172678E1	3,339245951E1
4,200000000E0	-5,324700121E1	3,387063054E1
4,210000000E0	-5,347430077E1	3,427631908E1
4,220000000E0	-5,368702207E1	3,462604545E1
4,230000000E0	-5,384527636E1	3,496286036E1
4,240000000E0	-5,397193347E1	3,522486965E1
4,250000000E0	-5,407930028E1	3,543819252E1
4,260000000E0	-5,415727978E1	3,558469609E1
4,270000000E0	-5,420481417E1	3,570211554E1
4,280000000E0	-5,422975645E1	3,574678306E1
4,290000000E0	-5,422166513E1	3,574411760E1
4,300000000E0	-5,419714991E1	3,570792246E1
4,310000000E0	-5,411706864E1	3,560241026E1
4,320000000E0	-5,400314971E1	3,546083267E1
4,330000000E0	-5,386916802E1	3,523794802E1
4,340000000E0	-5,372249313E1	3,498411505E1
4,350000000E0	-5,351668041E1	3,465501437E1
4,360000000E0	-5,331238420E1	3,427515341E1
4,370000000E0	-5,307351337E1	3,386367449E1
4,380000000E0	-5,278321633E1	3,341899019E1
4,390000000E0	-5,251832362E1	3,287086089E1
4,400000000E0	-5,215305937E1	3,232784644E1
4,410000000E0	-5,178263921E1	3,172838662E1
4,420000000E0	-5,134804236E1	3,108095974E1
4,430000000E0	-5,089374835E1	3,038380576E1
4,440000000E0	-5,046100984E1	2,962203873E1
4,450000000E0	-4,990182438E1	2,883944148E1
4,460000000E0	-4,933573892E1	2,798806734E1
4,470000000E0	-4,874090491E1	2,713276062E1
4,480000000E0	-4,809244957E1	2,622653649E1
4,490000000E0	-4,742489366E1	2,526218181E1
4,500000000E0	-4,666251022E1	2,429089510E1
4,510000000E0	-4,586926739E1	2,326321750E1
4,520000000E0	-4,504141192E1	2,223361800E1
4,530000000E0	-4,416486385E1	2,126142494E1
4,540000000E0	-4,314431624E1	2,007001666E1
4,550000000E0	-4,225713173E1	1,905704498E1
4,560000000E0	-4,120511325E1	1,789695915E1
4,570000000E0	-4,010230519E1	1,677910670E1
4,580000000E0	-3,894088469E1	1,563300573E1
4,590000000E0	-3,771551377E1	1,450318723E1
4,600000000E0	-3,641813917E1	1,334967082E1
4,610000000E0	-3,505944828E1	1,223905358E1
4,620000000E0	-3,363337099E1	1,114933303E1
4,630000000E0	-3,213132439E1	1,008157810E1
4,640000000E0	-3,057965696E1	9,051018574E0
4,650000000E0	-2,893101401E1	8,041406973E0
4,660000000E0	-2,723918982E1	7,106025365E0
4,670000000E0	-2,536852262E1	6,289769648E0
4,680000000E0	-2,366753626E1	5,531001409E0
4,690000000E0	-2,181600643E1	4,831413445E0
4,700000000E0	-1,996592242E1	4,196298653E0
4,710000000E0	-1,794977099E1	3,605321126E0
4,720000000E0	-1,593700821E1	3,105116365E0
4,730000000E0	-1,389673260E1	2,681651068E0
4,740000000E0	-1,185327319E1	2,343832043E0
4,750000000E0	-9,788598238E0	2,041307564E0
4,760000000E0	-7,661428977E0	1,865734313E0
4,770000000E0	-5,623063691E0	1,585959562E0
4,780000000E0	-3,534128082E0	1,396760823E0
4,790000000E0	-1,457934136E0	1,270547147E0
4,800000000E0	6,311420424E-1	1,195881710E0
4,810000000E0	2,728254130E0	1,233321098E0
4,820000000E0	4,758838337E0	1,303105597E0
4,830000000E0	6,837911200E0	1,410167603E0
4,840000000E0	8,744475081E0	1,482053697E0
4,850000000E0	1,098345704E1	1,774378522E0
4,860000000E0	1,291257491E1	1,979701735E0
4,870000000E0	1,490477062E1	2,269179698E0
4,880000000E0	1,692257634E1	2,615495315E0
4,890000000E0	1,887427335E1	3,009535346E0
4,900000000E0	2,080586033E1	3,487776540E0
4,910000000E0	2,270523088E1	4,037199027E0
4,920000000E0	2,454006883E1	4,657682523E0
4,930000000E0	2,632573304E1	5,362653128E0
4,940000000E0	2,812010124E1	6,171048168E0
4,950000000E0	2,979187387E1	6,843368126E0
4,960000000E0	3,144349919E1	7,662409988E0
4,970000000E0	3,306003269E1	8,531064747E0
4,980000000E0	3,458044690E1	9,445942876E0
4,990000000E0	3,605005504E1	1,040814956E1
5,000000000E0	3,742544409E1	1,139172464E1
5,010000000E0	3,875391465E1	1,238888028E1
5,020000000E0	4,000437397E1	1,338996390E1
5,030000000E0	4,117981986E1	1,440565292E1
5,040000000E0	4,225841413E1	1,540736276E1
5,050000000E0	4,329220351E1	1,639578672E1
5,060000000E0	4,429259776E1	1,743093621E1
5,070000000E0	4,519592137E1	1,837079533E1
5,080000000E0	4,604463752E1	1,939525194E1
5,090000000E0	4,695537470E1	2,030688001E1
5,100000000E0	4,773890679E1	2,120762735E1
5,110000000E0	4,848925247E1	2,213000283E1
5,120000000E0	4,919129293E1	2,298118286E1
5,130000000E0	4,982178645E1	2,379963492E1
5,140000000E0	5,041371665E1	2,461097438E1
5,150000000E0	5,098743009E1	2,536915517E1
5,160000000E0	5,150176142E1	2,609492418E1
5,170000000E0	5,197297935E1	2,677775170E1
5,180000000E0	5,242446545E1	2,741112817E1
5,190000000E0	5,281644908E1	2,800746700E1
5,200000000E0	5,317226553E1	2,856821908E1
5,210000000E0	5,349937877E1	2,907327439E1
5,220000000E0	5,378497627E1	2,955498236E1
5,230000000E0	5,405478184E1	2,997751304E1
5,240000000E0	5,426132236E1	3,032524859E1
5,250000000E0	5,445551849E1	3,064127020E1
5,260000000E0	5,461537133E1	3,091124784E1
5,270000000E0	5,473668354E1	3,113881632E1
5,280000000E0	5,484844944E1	3,129517948E1
5,290000000E0	5,491337448E1	3,138826548E1
5,300000000E0	5,495735014E1	3,148503463E1
5,310000000E0	5,496805131E1	3,150590877E1
5,320000000E0	5,495659824E1	3,149774060E1
5,330000000E0	5,486692922E1	3,145725360E1
5,340000000E0	5,482750561E1	3,129829034E1
5,350000000E0	5,471028262E1	3,113230793E1
5,360000000E0	5,459301002E1	3,089710816E1
5,370000000E0	5,440062235E1	3,065137343E1
5,380000000E0	5,423865118E1	3,030384838E1
5,390000000E0	5,400720172E1	2,994176485E1
5,400000000E0	5,374721810E1	2,954498166E1
5,410000000E0	5,344704621E1	2,909475055E1
5,420000000E0	5,313330293E1	2,858615381E1
5,430000000E0	5,277718882E1	2,802500388E1
5,440000000E0	5,237547992E1	2,745683190E1
5,450000000E0	5,193425470E1	2,680104083E1
5,460000000E0	5,146677077E1	2,610926234E1
5,470000000E0	5,095143309E1	2,537005630E1
5,480000000E0	5,038824535E1	2,462555992E1
5,490000000E0	4,978624076E1	2,381859923E1
5,500000000E0	4,914777020E1	2,297655018E1
5,510000000E0	4,845724333E1	2,212403021E1
5,520000000E0	4,769464985E1	2,121768210E1
5,530000000E0	4,691835843E1	2,030865614E1
5,540000000E0	4,605233420E1	1,942745564E1
5,550000000E0	4,515103373E1	1,837400612E1
5,560000000E0	4,425618403E1	1,742984929E1
5,570000000E0	4,327133540E1	1,643631293E1
5,580000000E0	4,220680111E1	1,541188215E1
5,590000000E0	4,111198322E1	1,438155549E1
5,600000000E0	3,992448099E1	1,336447709E1
5,610000000E0	3,870332614E1	1,235683872E1
5,620000000E0	3,739786317E1	1,135997665E1
5,630000000E0	3,604769238E1	1,036668872E1
5,640000000E0	3,462222815E1	9,404761822E0
5,650000000E0	3,313981710E1	8,495653407E0
5,660000000E0	3,156639620E1	7,591823370E0
5,670000000E0	2,994040668E1	6,734304510E0
5,680000000E0	2,826081582E1	6,130031243E0
5,690000000E0	2,656407551E1	5,204237590E0
5,700000000E0	2,479652776E1	4,525911305E0
5,710000000E0	2,298515800E1	3,928088824E0
5,720000000E0	2,114214706E1	3,369066995E0
5,730000000E0	1,924211819E1	2,875941788E0
5,740000000E0	1,731605994E1	2,475245318E0
5,750000000E0	1,537055036E1	2,136905978E0
5,760000000E0	1,339838711E1	1,811691761E0
5,770000000E0	1,148716506E1	1,607673009E0
5,780000000E0	9,332801940E0	1,397777877E0
5,790000000E0	7,464393052E0	1,235710848E0
5,800000000E0	5,457537946E0	1,155655869E0
5,810000000E0	3,465829161E0	1,111060063E0
5,820000000E0	1,430057188E0	1,121475292E0
5,830000000E0	-5,646021315E-1	1,172858328E0
5,840000000E0	-2,549361365E0	1,292582200E0
5,850000000E0	-4,531265111E0	1,428102670E0
5,860000000E0	-6,467425616E0	1,628341727E0
5,870000000E0	-8,520573699E0	1,937577923E0
5,880000000E0	-1,038258897E1	2,128966440E0
5,890000000E0	-1,230848833E1	2,423028655E0
5,900000000E0	-1,421828230E1	2,769794992E0
5,910000000E0	-1,609494326E1	3,207353409E0
5,920000000E0	-1,794731515E1	3,697142424E0
5,930000000E0	-1,979297241E1	4,248001660E0
5,940000000E0	-2,149839598E1	4,827962552E0
5,950000000E0	-2,323984466E1	5,481935608E0
5,960000000E0	-2,481564072E1	6,151041621E0
5,970000000E0	-2,644949413E1	6,975512921E0
5,980000000E0	-2,798195219E1	7,662791084E0
5,990000000E0	-2,951451567E1	8,529638026E0
6,000000000E0	-3,097445655E1	9,443816231E0
6,010000000E0	-3,237608458E1	1,033248807E1
6,020000000E0	-3,373202215E1	1,126230544E1
6,030000000E0	-3,500387770E1	1,222362660E1
6,040000000E0	-3,622000471E1	1,317482244E1
6,050000000E0	-3,736486534E1	1,414113235E1
6,060000000E0	-3,848401272E1	1,511647457E1
6,070000000E0	-3,952075590E1	1,607595093E1
6,080000000E0	-4,050733501E1	1,702856656E1
6,090000000E0	-4,146569547E1	1,794722913E1
6,100000000E0	-4,234297462E1	1,883713629E1
6,110000000E0	-4,317544291E1	1,971268676E1
6,120000000E0	-4,387128170E1	2,076530506E1
6,130000000E0	-4,477142699E1	2,140682200E1
6,140000000E0	-4,540946356E1	2,219919729E1
6,150000000E0	-4,605155958E1	2,295993186E1
6,160000000E0	-4,664908669E1	2,370982070E1
6,170000000E0	-4,721301936E1	2,439348522E1
6,180000000E0	-4,770740919E1	2,506818070E1
6,190000000E0	-4,817858262E1	2,569315590E1
6,200000000E0	-4,863282049E1	2,623095126E1
6,210000000E0	-4,898510783E1	2,678857757E1
6,220000000E0	-4,934328687E1	2,728817589E1
6,230000000E0	-4,964941714E1	2,777288354E1
6,240000000E0	-4,990021949E1	2,821787832E1
6,250000000E0	-5,012427822E1	2,860477333E1
6,260000000E0	-5,033293744E1	2,893703312E1
6,270000000E0	-5,051583029E1	2,923880647E1
6,280000000E0	-5,064975693E1	2,947304454E1
6,290000000E0	-5,072042067E1	2,967732688E1
6,300000000E0	-5,081738584E1	2,980758102E1
6,310000000E0	-5,084087854E1	2,992713089E1
6,320000000E0	-5,086880033E1	2,996203269E1
6,330000000E0	-5,085796462E1	2,997313406E1
6,340000000E0	-5,082449461E1	2,993366734E1
6,350000000E0	-5,071766852E1	2,988115288E1
6,360000000E0	-5,060270358E1	2,978653450E1
6,370000000E0	-5,049407849E1	2,961140137E1
6,380000000E0	-5,035104593E1	2,936606375E1
6,390000000E0	-5,015677332E1	2,910835316E1
6,400000000E0	-4,998219051E1	2,874892625E1
6,410000000E0	-4,975091163E1	2,838660934E1
6,420000000E0	-4,948249626E1	2,799217234E1
6,430000000E0	-4,916796981E1	2,754038559E1
6,440000000E0	-4,883757781E1	2,705103539E1
6,450000000E0	-4,844564122E1	2,652746799E1
6,460000000E0	-4,805239100E1	2,594020770E1
6,470000000E0	-4,760497828E1	2,531944833E1
6,480000000E0	-4,711989935E1	2,464425446E1
6,490000000E0	-4,661164883E1	2,392297094E1
6,500000000E0	-4,602958774E1	2,317161856E1
6,510000000E0	-4,541402148E1	2,237055077E1
6,520000000E0	-4,476453735E1	2,158202733E1
6,530000000E0	-4,403691129E1	2,092978416E1
6,540000000E0	-4,331536928E1	1,985109025E1
6,550000000E0	-4,258387903E1	1,901986696E1
6,560000000E0	-4,176275587E1	1,813553320E1
6,570000000E0	-4,086601789E1	1,720342438E1
6,580000000E0	-3,991731167E1	1,627667415E1
6,590000000E0	-3,891662677E1	1,533995455E1
6,600000000E0	-3,785186681E1	1,438647908E1
6,610000000E0	-3,674004308E1	1,342875467E1
6,620000000E0	-3,553451886E1	1,248516744E1
6,630000000E0	-3,427174897E1	1,153719765E1
6,640000000E0	-3,294347560E1	1,060607483E1
6,650000000E0	-3,156117375E1	9,701378505E0
6,660000000E0	-3,012750455E1	8,831072199E0
6,670000000E0	-2,862517195E1	7,953146561E0
6,680000000E0	-2,711461250E1	7,124461137E0
6,690000000E0	-2,542393590E1	6,473223031E0
6,700000000E0	-2,381029212E1	5,666508008E0
6,710000000E0	-2,211461636E1	5,022291316E0
6,720000000E0	-2,039976853E1	4,436221777E0
6,730000000E0	-1,865135812E1	3,917169635E0
6,740000000E0	-1,686864945E1	3,445087446E0
6,750000000E0	-1,508954374E1	3,016972690E0
6,760000000E0	-1,329580585E1	2,621886937E0
6,770000000E0	-1,146512571E1	2,282605659E0
6,780000000E0	-9,609227739E0	1,992824439E0
6,790000000E0	-7,728056914E0	1,852278090E0
6,800000000E0	-5,851432625E0	1,544856967E0
6,810000000E0	-3,943235348E0	1,360005354E0
6,820000000E0	-2,023820337E0	1,231575734E0
6,830000000E0	-1,121943037E-1	1,147810468E0
6,840000000E0	1,780711403E0	1,079449709E0
6,850000000E0	3,705347343E0	1,074722131E0
6,860000000E0	5,611842363E0	1,137143388E0
6,870000000E0	7,533202333E0	1,223657662E0
6,880000000E0	9,300736013E0	1,308365682E0
6,890000000E0	1,131619003E1	1,562993341E0
6,900000000E0	1,307077706E1	1,749112980E0
6,910000000E0	1,486644970E1	2,008482406E0
6,920000000E0	1,667525562E1	2,342246318E0
6,930000000E0	1,847166201E1	2,733083004E0
6,940000000E0	2,021615985E1	3,165318284E0
6,950000000E0	2,196278716E1	3,670621661E0
6,960000000E0	2,363496474E1	4,219782525E0
6,970000000E0	2,526299512E1	4,817340555E0
6,980000000E0	2,680514889E1	5,400899463E0
6,990000000E0	2,836416863E1	6,240422033E0
7,000000000E0	2,986361931E1	6,823472459E0
7,010000000E0	3,128166989E1	7,565146007E0
7,020000000E0	3,268158602E1	8,353382943E0
7,030000000E0	3,400896179E1	9,170777450E0
7,040000000E0	3,524887889E1	9,995676735E0
7,050000000E0	3,643017925E1	1,080716800E1
7,060000000E0	3,757866460E1	1,163545855E1
7,070000000E0	3,870231990E1	1,246190027E1
7,080000000E0	3,976590120E1	1,330424706E1
7,090000000E0	4,078397272E1	1,415610513E1
7,100000000E0	4,175209348E1	1,499448420E1
7,110000000E0	4,267681752E1	1,582794143E1
7,120000000E0	4,355886932E1	1,664232191E1
7,130000000E0	4,436854457E1	1,742061327E1
7,140000000E0	4,512937696E1	1,817443689E1
7,150000000E0	4,583844303E1	1,890406156E1
7,160000000E0	4,648250424E1	1,977070080E1
7,170000000E0	4,721997029E1	2,035824809E1
7,180000000E0	4,784077169E1	2,101129864E1
7,190000000E0	4,839488400E1	2,166260666E1
7,200000000E0	4,892291880E1	2,223900468E1
7,210000000E0	4,941848448E1	2,281318361E1
7,220000000E0	4,987763739E1	2,331505400E1
7,230000000E0	5,028540482E1	2,380461252E1
7,240000000E0	5,063937490E1	2,425611430E1
7,250000000E0	5,095156047E1	2,463656473E1
7,260000000E0	5,123212755E1	2,499337509E1
7,270000000E0	5,147890730E1	2,528591594E1
7,280000000E0	5,167725540E1	2,552664663E1
7,290000000E0	5,183215875E1	2,572865510E1
7,300000000E0	5,195236186E1	2,593689330E1
7,310000000E0	5,205677746E1	2,607795857E1
7,320000000E0	5,209130115E1	2,618769727E1
7,330000000E0	5,212851142E1	2,623644892E1
