mass_A
t	x	y
0,000000000E0	-6,105925722E1	5,005044426E1
1,000000000E-2	-6,106406298E1	5,006543785E1
2,000000000E-2	-6,107101102E1	5,006668495E1
3,000000000E-2	-6,107519563E1	5,006448866E1
4,000000000E-2	-6,106220789E1	5,007015910E1
5,000000000E-2	-6,104341618E1	5,007534554E1
6,000000000E-2	-6,099298073E1	5,007110943E1
7,000000000E-2	-6,096830333E1	4,997854487E1
8,000000000E-2	-6,088023128E1	4,984938708E1
9,000000000E-2	-6,078866769E1	4,960930500E1
1,000000000E-1	-6,065299260E1	4,936288943E1
1,100000000E-1	-6,047221401E1	4,900881079E1
1,200000000E-1	-6,029116478E1	4,863557735E1
1,300000000E-1	-6,007017928E1	4,822822347E1
1,400000000E-1	-5,980705137E1	4,774825386E1
1,500000000E-1	-5,951144582E1	4,718003674E1
1,600000000E-1	-5,922114105E1	4,657713751E1
1,700000000E-1	-5,881040810E1	4,594922745E1
1,800000000E-1	-5,844891887E1	4,523465419E1
1,900000000E-1	-5,803355323E1	4,446434781E1
2,000000000E-1	-5,761022159E1	4,366528324E1
2,100000000E-1	-5,720421644E1	4,275016930E1
2,200000000E-1	-5,669332272E1	4,183138145E1
2,300000000E-1	-5,624069664E1	4,083441515E1
2,400000000E-1	-5,566334604E1	3,980509953E1
2,500000000E-1	-5,509450079E1	3,872126704E1
2,600000000E-1	-5,450974501E1	3,753703595E1
2,700000000E-1	-5,385969510E1	3,635207282E1
2,800000000E-1	-5,316849526E1	3,512230005E1
2,900000000E-1	-5,247312308E1	3,380470739E1
3,000000000E-1	-5,170831211E1	3,248689377E1
3,100000000E-1	-5,086718030E1	3,113292404E1
3,200000000E-1	-5,002582327E1	2,971915067E1
3,300000000E-1	-4,910935355E1	2,826603046E1
3,400000000E-1	-4,812489364E1	2,679907012E1
3,500000000E-1	-4,708224634E1	2,532980795E1
3,600000000E-1	-4,599691315E1	2,381704846E1
3,700000000E-1	-4,482274272E1	2,229685955E1
3,800000000E-1	-4,358317169E1	2,080514553E1
3,900000000E-1	-4,219853342E1	1,933856572E1
4,000000000E-1	-4,083498921E1	1,778104283E1
4,100000000E-1	-3,936356999E1	1,624968786E1
4,200000000E-1	-3,779680340E1	1,477090150E1
4,300000000E-1	-3,614865493E1	1,333004441E1
4,400000000E-1	-3,442354471E1	1,188838136E1
4,500000000E-1	-3,258007583E1	1,056535038E1
4,600000000E-1	-3,066462045E1	9,282846933E0
4,700000000E-1	-2,860926486E1	8,032099309E0
4,800000000E-1	-2,661301914E1	6,940553102E0
4,900000000E-1	-2,427895370E1	5,967211897E0
5,000000000E-1	-2,206567688E1	5,071631331E0
5,100000000E-1	-1,987799509E1	4,300198889E0
5,200000000E-1	-1,746429573E1	3,488586995E0
5,300000000E-1	-1,505139636E1	2,896289860E0
5,400000000E-1	-1,263355602E1	2,404135598E0
5,500000000E-1	-1,019509017E1	1,999497892E0
5,600000000E-1	-7,758190306E0	1,768486515E0
5,700000000E-1	-5,203834400E0	1,425376063E0
5,800000000E-1	-2,704464454E0	1,197296294E0
5,900000000E-1	-2,295329260E-1	1,059926151E0
6,000000000E-1	2,276741008E0	1,011636203E0
6,100000000E-1	4,765096185E0	1,067102019E0
6,200000000E-1	7,312613563E0	1,211439953E0
6,300000000E-1	9,550286214E0	1,323794007E0
6,400000000E-1	1,214368050E1	1,667662144E0
6,500000000E-1	1,458900470E1	2,004285692E0
6,600000000E-1	1,699540333E1	2,417139852E0
6,700000000E-1	1,937709432E1	2,939990850E0
6,800000000E-1	2,168460347E1	3,511668550E0
6,900000000E-1	2,392528038E1	4,279874425E0
7,000000000E-1	2,614025106E1	5,154801599E0
7,100000000E-1	2,830890643E1	6,125528156E0
7,200000000E-1	3,030339352E1	6,939125808E0
7,300000000E-1	3,230521045E1	8,002979911E0
7,400000000E-1	3,424228522E1	9,159008662E0
7,500000000E-1	3,606924636E1	1,036108904E1
7,600000000E-1	3,777940637E1	1,163197471E1
7,700000000E-1	3,944401401E1	1,288811828E1
7,800000000E-1	4,100626913E1	1,421893718E1
7,900000000E-1	4,244210388E1	1,559883911E1
8,000000000E-1	4,387143940E1	1,692718740E1
8,100000000E-1	4,518089606E1	1,824377552E1
8,200000000E-1	4,641161476E1	1,962513791E1
8,300000000E-1	4,756329325E1	2,092328178E1
8,400000000E-1	4,869454253E1	2,222623192E1
8,500000000E-1	4,979576846E1	2,353769136E1
8,600000000E-1	5,085528930E1	2,484612020E1
8,700000000E-1	5,188189238E1	2,614067631E1
8,800000000E-1	5,280380261E1	2,739286878E1
8,900000000E-1	5,372882849E1	2,862508246E1
9,000000000E-1	5,457988738E1	2,983161547E1
9,100000000E-1	5,535458774E1	3,102145998E1
9,200000000E-1	5,609242046E1	3,215111742E1
9,300000000E-1	5,677391224E1	3,324653640E1
9,400000000E-1	5,739535000E1	3,429005658E1
9,500000000E-1	5,799966429E1	3,529689772E1
9,600000000E-1	5,856306191E1	3,625262324E1
9,700000000E-1	5,907975336E1	3,716550549E1
9,800000000E-1	5,954877545E1	3,802202347E1
9,900000000E-1	5,998104476E1	3,882750176E1
1,000000000E0	6,036338240E1	3,958218777E1
1,010000000E0	6,072738408E1	4,028254664E1
1,020000000E0	6,102456217E1	4,089449720E1
1,030000000E0	6,131869531E1	4,146118583E1
1,040000000E0	6,158713029E1	4,197911964E1
1,050000000E0	6,181324961E1	4,241448157E1
1,060000000E0	6,200799310E1	4,284293020E1
1,070000000E0	6,217168591E1	4,321607329E1
1,080000000E0	6,231128313E1	4,354808456E1
1,090000000E0	6,241446673E1	4,381774692E1
1,100000000E0	6,250677226E1	4,403615212E1
1,110000000E0	6,256020847E1	4,418335601E1
1,120000000E0	6,258918355E1	4,427593353E1
1,130000000E0	6,256951278E1	4,431448663E1
1,140000000E0	6,255168738E1	4,429656683E1
1,150000000E0	6,253337540E1	4,426733476E1
1,160000000E0	6,243358447E1	4,415121327E1
1,170000000E0	6,229364567E1	4,394865147E1
1,180000000E0	6,214060134E1	4,369640302E1
1,190000000E0	6,197163392E1	4,339950623E1
1,200000000E0	6,175867806E1	4,304820271E1
1,210000000E0	6,151848677E1	4,262106999E1
1,220000000E0	6,125127096E1	4,218047947E1
1,230000000E0	6,097626192E1	4,167746424E1
1,240000000E0	6,066745155E1	4,112985475E1
1,250000000E0	6,035526580E1	4,052591240E1
1,260000000E0	6,002221095E1	3,985408177E1
1,270000000E0	5,966633278E1	3,912267036E1
1,280000000E0	5,928529984E1	3,835893547E1
1,290000000E0	5,889585607E1	3,751468710E1
1,300000000E0	5,845898121E1	3,664086707E1
1,310000000E0	5,797976389E1	3,571355188E1
1,320000000E0	5,747904311E1	3,472884506E1
1,330000000E0	5,690801430E1	3,371937095E1
1,340000000E0	5,628092233E1	3,266084143E1
1,350000000E0	5,564744696E1	3,155060551E1
1,360000000E0	5,493448362E1	3,038990963E1
1,370000000E0	5,419763500E1	2,918270079E1
1,380000000E0	5,339827616E1	2,798672510E1
1,390000000E0	5,255126763E1	2,672435997E1
1,400000000E0	5,159663693E1	2,545983402E1
1,410000000E0	5,061076613E1	2,415127452E1
1,420000000E0	4,955753364E1	2,283743949E1
1,430000000E0	4,843785670E1	2,147939773E1
1,440000000E0	4,725599870E1	2,014045388E1
1,450000000E0	4,604838885E1	1,868608302E1
1,460000000E0	4,475777307E1	1,735574334E1
1,470000000E0	4,336741959E1	1,597158477E1
1,480000000E0	4,194063092E1	1,465356395E1
1,490000000E0	4,042008503E1	1,336020303E1
1,500000000E0	3,876047200E1	1,206395423E1
1,510000000E0	3,703047715E1	1,078580628E1
1,520000000E0	3,524232720E1	9,616911742E0
1,530000000E0	3,337936890E1	8,442447525E0
1,540000000E0	3,141464455E1	7,375984165E0
1,550000000E0	2,942762539E1	6,413198688E0
1,560000000E0	2,724441530E1	5,403841475E0
1,570000000E0	2,518837545E1	4,634561489E0
1,580000000E0	2,301375977E1	3,892684939E0
1,590000000E0	2,078135182E1	3,248940282E0
1,600000000E0	1,849437350E1	2,737899614E0
1,610000000E0	1,619078769E1	2,287692606E0
1,620000000E0	1,384579841E1	1,921940365E0
1,630000000E0	1,154378031E1	1,659468311E0
1,640000000E0	9,109671409E0	1,402149349E0
1,650000000E0	6,927811444E0	1,247164500E0
1,660000000E0	4,518241773E0	1,155942565E0
1,670000000E0	2,133996792E0	1,100601599E0
1,680000000E0	-2,096931506E-1	1,166770928E0
1,690000000E0	-2,555975068E0	1,273397327E0
1,700000000E0	-4,907180363E0	1,464747804E0
1,710000000E0	-7,221236123E0	1,741349087E0
1,720000000E0	-9,563734059E0	1,996475712E0
1,730000000E0	-1,189246922E1	2,355151160E0
1,740000000E0	-1,419759108E1	2,751110167E0
1,750000000E0	-1,649218223E1	3,282398824E0
1,760000000E0	-1,871000948E1	3,866922901E0
1,770000000E0	-2,081562898E1	4,590416443E0
1,780000000E0	-2,295226528E1	5,379978059E0
1,790000000E0	-2,494056528E1	6,156216550E0
1,800000000E0	-2,700480152E1	7,065906438E0
1,810000000E0	-2,896280229E1	8,077410185E0
1,820000000E0	-3,075717621E1	9,202458107E0
1,830000000E0	-3,249475717E1	1,029440746E1
1,840000000E0	-3,411199249E1	1,152236849E1
1,850000000E0	-3,567888980E1	1,275450146E1
1,860000000E0	-3,713684394E1	1,405504970E1
1,870000000E0	-3,853649408E1	1,534673486E1
1,880000000E0	-3,985593923E1	1,667391012E1
1,890000000E0	-4,111320451E1	1,801170962E1
1,900000000E0	-4,218723004E1	1,937398550E1
1,910000000E0	-4,334271485E1	2,068152746E1
1,920000000E0	-4,449137385E1	2,189302997E1
1,930000000E0	-4,551076117E1	2,311002124E1
1,940000000E0	-4,643499859E1	2,440581079E1
1,950000000E0	-4,731504922E1	2,561115691E1
1,960000000E0	-4,815348874E1	2,680194666E1
1,970000000E0	-4,891842698E1	2,799044111E1
1,980000000E0	-4,964284476E1	2,911555340E1
1,990000000E0	-5,034259048E1	3,019470420E1
2,000000000E0	-5,096354007E1	3,124961868E1
2,010000000E0	-5,155567637E1	3,224394886E1
2,020000000E0	-5,212765391E1	3,320398739E1
2,030000000E0	-5,265608361E1	3,414244971E1
2,040000000E0	-5,312886667E1	3,500626535E1
2,050000000E0	-5,358273819E1	3,582145527E1
2,060000000E0	-5,397662579E1	3,657916694E1
2,070000000E0	-5,434194448E1	3,728996504E1
2,080000000E0	-5,468428418E1	3,797053186E1
2,090000000E0	-5,501885449E1	3,858742078E1
2,100000000E0	-5,529106758E1	3,917100384E1
2,110000000E0	-5,554759477E1	3,969569118E1
2,120000000E0	-5,576682152E1	4,016370016E1
2,130000000E0	-5,599283364E1	4,055405956E1
2,140000000E0	-5,615772723E1	4,091171773E1
2,150000000E0	-5,633262850E1	4,118039227E1
2,160000000E0	-5,646065722E1	4,140624977E1
2,170000000E0	-5,652551318E1	4,162081023E1
2,180000000E0	-5,660885271E1	4,174760976E1
2,190000000E0	-5,662863005E1	4,185207270E1
2,200000000E0	-5,665527576E1	4,187681806E1
2,210000000E0	-5,663057853E1	4,186847531E1
2,220000000E0	-5,661766766E1	4,178152778E1
2,230000000E0	-5,656818714E1	4,162308484E1
2,240000000E0	-5,647454897E1	4,146284662E1
2,250000000E0	-5,636454860E1	4,124760595E1
2,260000000E0	-5,624555794E1	4,091940926E1
2,270000000E0	-5,608181753E1	4,056494944E1
2,280000000E0	-5,587905900E1	4,017493261E1
2,290000000E0	-5,565290349E1	3,970702454E1
2,300000000E0	-5,540264152E1	3,920879861E1
2,310000000E0	-5,513629144E1	3,862401913E1
2,320000000E0	-5,481138976E1	3,800795065E1
2,330000000E0	-5,445642468E1	3,730812691E1
2,340000000E0	-5,408837100E1	3,658188562E1
2,350000000E0	-5,369666418E1	3,582693853E1
2,360000000E0	-5,324613732E1	3,499437235E1
2,370000000E0	-5,277393154E1	3,410558980E1
2,380000000E0	-5,226123938E1	3,318770944E1
2,390000000E0	-5,169340840E1	3,221290100E1
2,400000000E0	-5,109782758E1	3,117642282E1
2,410000000E0	-5,046114107E1	3,009446159E1
2,420000000E0	-4,976583516E1	2,899874136E1
2,430000000E0	-4,903846612E1	2,786301641E1
2,440000000E0	-4,826928915E1	2,668032184E1
2,450000000E0	-4,744039281E1	2,547973276E1
2,460000000E0	-4,652499288E1	2,426738653E1
2,470000000E0	-4,556419751E1	2,299982538E1
2,480000000E0	-4,453050458E1	2,176292692E1
2,490000000E0	-4,345202996E1	2,057089136E1
2,500000000E0	-4,225488233E1	1,926629193E1
2,510000000E0	-4,114200187E1	1,789761787E1
2,520000000E0	-3,984435214E1	1,658105524E1
2,530000000E0	-3,849943606E1	1,526175073E1
2,540000000E0	-3,709456232E1	1,398402327E1
2,550000000E0	-3,555275532E1	1,272548548E1
2,560000000E0	-3,397172846E1	1,150823051E1
2,570000000E0	-3,231049400E1	1,033324527E1
2,580000000E0	-3,057612994E1	9,157277928E0
2,590000000E0	-2,872151003E1	8,073366958E0
2,600000000E0	-2,682521743E1	7,074939715E0
2,610000000E0	-2,475297808E1	6,134638883E0
2,620000000E0	-2,278686066E1	5,352242768E0
2,630000000E0	-2,073479909E1	4,588725455E0
2,640000000E0	-1,867144479E1	3,861591085E0
2,650000000E0	-1,650647807E1	3,279712802E0
2,660000000E0	-1,432557384E1	2,762703184E0
2,670000000E0	-1,209179930E1	2,352954397E0
2,680000000E0	-9,847490971E0	2,030065134E0
2,690000000E0	-7,618840596E0	1,808920900E0
2,700000000E0	-5,336669678E0	1,506287513E0
2,710000000E0	-3,076100522E0	1,315833896E0
2,720000000E0	-8,030930192E-1	1,165523710E0
2,730000000E0	1,469036642E0	1,140367818E0
2,740000000E0	3,762007700E0	1,168642857E0
2,750000000E0	6,015717472E0	1,223758376E0
2,760000000E0	8,333505227E0	1,379471127E0
2,770000000E0	1,046248274E1	1,673514625E0
2,780000000E0	1,272788627E1	1,856664079E0
2,790000000E0	1,488045144E1	2,150436449E0
2,800000000E0	1,705519385E1	2,518184025E0
2,810000000E0	1,922006604E1	2,959201089E0
2,820000000E0	2,132507356E1	3,499082843E0
2,830000000E0	2,339869947E1	4,099238409E0
2,840000000E0	2,543277925E1	4,795141550E0
2,850000000E0	2,728152019E1	5,487651451E0
2,860000000E0	2,932588282E1	6,404947539E0
2,870000000E0	3,114903101E1	7,235371913E0
2,880000000E0	3,292897049E1	8,180484392E0
2,890000000E0	3,463292577E1	9,212467279E0
2,900000000E0	3,631346167E1	1,025351242E1
2,910000000E0	3,787767811E1	1,135213169E1
2,920000000E0	3,934971589E1	1,248367296E1
2,930000000E0	4,079809038E1	1,363001576E1
2,940000000E0	4,216441580E1	1,477277832E1
2,950000000E0	4,344941302E1	1,597442856E1
2,960000000E0	4,467479005E1	1,716367650E1
2,970000000E0	4,581657211E1	1,829347769E1
2,980000000E0	4,668633742E1	1,960084684E1
2,990000000E0	4,783648538E1	2,053085556E1
3,000000000E0	4,881502988E1	2,166173149E1
3,010000000E0	4,975051815E1	2,276860636E1
3,020000000E0	5,062206025E1	2,383046869E1
3,030000000E0	5,142247510E1	2,488566180E1
3,040000000E0	5,219326199E1	2,591221577E1
3,050000000E0	5,292113627E1	2,687950079E1
3,060000000E0	5,359691072E1	2,780318041E1
3,070000000E0	5,423701876E1	2,871738425E1
3,080000000E0	5,480969997E1	2,958893685E1
3,090000000E0	5,535487046E1	3,042974812E1
3,100000000E0	5,581648471E1	3,120492631E1
3,110000000E0	5,628233159E1	3,193874694E1
3,120000000E0	5,667690531E1	3,264119050E1
3,130000000E0	5,709681429E1	3,330821896E1
3,140000000E0	5,742597599E1	3,390568464E1
3,150000000E0	5,772621490E1	3,445790216E1
3,160000000E0	5,798155221E1	3,492751136E1
3,170000000E0	5,822225546E1	3,536409026E1
3,180000000E0	5,845033194E1	3,575326143E1
3,190000000E0	5,860664571E1	3,609486327E1
3,200000000E0	5,873655397E1	3,636453512E1
3,210000000E0	5,885203590E1	3,658604335E1
3,220000000E0	5,894347209E1	3,678672345E1
3,230000000E0	5,902351651E1	3,691154193E1
3,240000000E0	5,905826882E1	3,698439033E1
3,250000000E0	5,906801367E1	3,702272163E1
3,260000000E0	5,905563222E1	3,701681971E1
3,270000000E0	5,901527450E1	3,693617661E1
3,280000000E0	5,893639994E1	3,680688629E1
3,290000000E0	5,881506823E1	3,658603004E1
3,300000000E0	5,868150024E1	3,633879695E1
3,310000000E0	5,848590231E1	3,603815708E1
3,320000000E0	5,829570579E1	3,569960296E1
3,330000000E0	5,804644084E1	3,528684400E1
3,340000000E0	5,779204054E1	3,484663395E1
3,350000000E0	5,748304882E1	3,431851186E1
3,360000000E0	5,714275267E1	3,376958635E1
3,370000000E0	5,678547304E1	3,316508081E1
3,380000000E0	5,638739541E1	3,248369419E1
3,390000000E0	5,593360016E1	3,176536607E1
3,400000000E0	5,545285006E1	3,102388725E1
3,410000000E0	5,495330185E1	3,019883144E1
3,420000000E0	5,437263824E1	2,935457401E1
3,430000000E0	5,377366616E1	2,850001387E1
3,440000000E0	5,315903829E1	2,759118937E1
3,450000000E0	5,246717583E1	2,663147503E1
3,460000000E0	5,173851595E1	2,561644255E1
3,470000000E0	5,098881864E1	2,457263034E1
3,480000000E0	5,015482146E1	2,353874950E1
3,490000000E0	4,929984653E1	2,246268557E1
3,500000000E0	4,835393435E1	2,133831750E1
3,510000000E0	4,737379329E1	2,020340044E1
3,520000000E0	4,633824909E1	1,902054328E1
3,530000000E0	4,525978955E1	1,788595524E1
3,540000000E0	4,411913784E1	1,672203541E1
3,550000000E0	4,286761736E1	1,555011671E1
3,560000000E0	4,157650348E1	1,436073034E1
3,570000000E0	4,020943161E1	1,320738462E1
3,580000000E0	3,880303569E1	1,203257696E1
3,590000000E0	3,728766732E1	1,092169644E1
3,600000000E0	3,572545172E1	9,861737755E0
3,610000000E0	3,406232014E1	8,824317856E0
3,620000000E0	3,234022198E1	7,800601516E0
3,630000000E0	3,057556818E1	6,872009454E0
3,640000000E0	2,872495147E1	6,135498653E0
3,650000000E0	2,687189581E1	5,191124734E0
3,660000000E0	2,492430392E1	4,424519352E0
3,670000000E0	2,292388451E1	3,761105532E0
3,680000000E0	2,090175913E1	3,142526359E0
3,690000000E0	1,883346076E1	2,645675877E0
3,700000000E0	1,672252273E1	2,213510438E0
3,710000000E0	1,458479597E1	1,865991950E0
3,720000000E0	1,244366255E1	1,592258518E0
3,730000000E0	1,024688128E1	1,514564646E0
3,740000000E0	8,151982889E0	1,144993997E0
3,750000000E0	5,913036689E0	1,079315935E0
3,760000000E0	3,711032809E0	9,992291499E-1
3,770000000E0	1,545336580E0	9,787473849E-1
3,780000000E0	-6,121527534E-1	1,053009745E0
3,790000000E0	-2,785051690E0	1,154616076E0
3,800000000E0	-4,930689548E0	1,335724180E0
3,810000000E0	-7,008196816E0	1,561165016E0
3,820000000E0	-9,200960712E0	1,803238291E0
3,830000000E0	-1,133564736E1	2,111232588E0
3,840000000E0	-1,340437194E1	2,491964544E0
3,850000000E0	-1,547991284E1	2,907995701E0
3,860000000E0	-1,751303082E1	3,450506185E0
3,870000000E0	-1,953924091E1	4,042194688E0
3,880000000E0	-2,144420539E1	4,655146706E0
3,890000000E0	-2,336191226E1	5,382243889E0
3,900000000E0	-2,514051558E1	6,249587479E0
3,910000000E0	-2,698379386E1	7,006868801E0
3,920000000E0	-2,874374794E1	7,929388831E0
3,930000000E0	-3,039949218E1	8,958187786E0
3,940000000E0	-3,198208053E1	9,989377031E0
3,950000000E0	-3,349818606E1	1,102775398E1
3,960000000E0	-3,494192945E1	1,212047830E1
3,970000000E0	-3,632627584E1	1,320610793E1
3,980000000E0	-3,768095032E1	1,431409376E1
3,990000000E0	-3,892963250E1	1,543647922E1
4,000000000E0	-4,009295450E1	1,654191030E1
4,010000000E0	-4,123297876E1	1,767719856E1
4,020000000E0	-4,228951962E1	1,876993263E1
4,030000000E0	-4,325444258E1	1,983364883E1
4,040000000E0	-4,427204041E1	2,096243140E1
4,050000000E0	-4,518237276E1	2,195813771E1
4,060000000E0	-4,608471877E1	2,301277430E1
4,070000000E0	-4,688956783E1	2,402988725E1
4,080000000E0	-4,758821977E1	2,499280021E1
4,090000000E0	-4,827586605E1	2,587364668E1
4,100000000E0	-4,889966635E1	2,674965301E1
4,110000000E0	-4,948497045E1	2,755031309E1
4,120000000E0	-5,000374752E1	2,835465362E1
4,130000000E0	-5,049764778E1	2,913118292E1
4,140000000E0	-5,092588085E1	2,985482783E1
4,150000000E0	-5,138180872E1	3,056579364E1
4,160000000E0	-5,177131926E1	3,120969661E1
4,170000000E0	-5,212248390E1	3,177985433E1
4,180000000E0	-5,248092973E1	3,231357803E1
4,190000000E0	-5,273422565E1	3,284402298E1
4,200000000E0	-5,298972242E1	3,332120964E1
4,210000000E0	-5,323069313E1	3,371541549E1
4,220000000E0	-5,340561799E1	3,406988103E1
4,230000000E0	-5,354790520E1	3,438960984E1
4,240000000E0	-5,370579020E1	3,464155835E1
4,250000000E0	-5,379587090E1	3,485510816E1
4,260000000E0	-5,389625967E1	3,500930486E1
4,270000000E0	-5,391324181E1	3,511195928E1
4,280000000E0	-5,395865504E1	3,513971287E1
4,290000000E0	-5,395640357E1	3,514094550E1
4,300000000E0	-5,390578869E1	3,512226984E1
4,310000000E0	-5,384377404E1	3,500787724E1
4,320000000E0	-5,372557897E1	3,487039748E1
4,330000000E0	-5,360464243E1	3,464542230E1
4,340000000E0	-5,345892521E1	3,439617771E1
4,350000000E0	-5,327102668E1	3,406575043E1
4,360000000E0	-5,308712697E1	3,368772720E1
4,370000000E0	-5,280899752E1	3,330372588E1
4,380000000E0	-5,252581558E1	3,282858044E1
4,390000000E0	-5,227517784E1	3,228333482E1
4,400000000E0	-5,189268512E1	3,174675169E1
4,410000000E0	-5,152961927E1	3,114068096E1
4,420000000E0	-5,110679472E1	3,046154611E1
4,430000000E0	-5,064680931E1	2,974551331E1
4,440000000E0	-5,017761339E1	2,899895068E1
4,450000000E0	-4,963661527E1	2,823308140E1
4,460000000E0	-4,904775776E1	2,740415992E1
4,470000000E0	-4,842223395E1	2,653149657E1
4,480000000E0	-4,780348536E1	2,561148064E1
4,490000000E0	-4,710603335E1	2,467245171E1
4,500000000E0	-4,635911923E1	2,368792332E1
4,510000000E0	-4,554409519E1	2,260833233E1
4,520000000E0	-4,468407708E1	2,155149915E1
4,530000000E0	-4,376964601E1	2,059190368E1
4,540000000E0	-4,283871154E1	1,937847993E1
4,550000000E0	-4,183537979E1	1,833711680E1
4,560000000E0	-4,077411121E1	1,722087783E1
4,570000000E0	-3,963796710E1	1,608194410E1
4,580000000E0	-3,844322056E1	1,498452591E1
4,590000000E0	-3,721734528E1	1,384063509E1
4,600000000E0	-3,588774288E1	1,273095032E1
4,610000000E0	-3,450493959E1	1,164969879E1
4,620000000E0	-3,305033506E1	1,057197782E1
4,630000000E0	-3,154464860E1	9,500185908E0
4,640000000E0	-2,994313328E1	8,515933587E0
4,650000000E0	-2,828040798E1	7,498494873E0
4,660000000E0	-2,659823530E1	6,619454324E0
4,670000000E0	-2,471138232E1	5,732986178E0
4,680000000E0	-2,295566490E1	5,014230589E0
4,690000000E0	-2,108419146E1	4,335193780E0
4,700000000E0	-1,918465442E1	3,734058224E0
4,710000000E0	-1,716640767E1	3,189194377E0
4,720000000E0	-1,515862233E1	2,719420347E0
4,730000000E0	-1,312314006E1	2,292123133E0
4,740000000E0	-1,107369123E1	1,937591750E0
4,750000000E0	-9,035499645E0	1,653255277E0
4,760000000E0	-6,881196338E0	1,437814917E0
4,770000000E0	-4,850465859E0	1,198282714E0
4,780000000E0	-2,791064548E0	1,046243900E0
4,790000000E0	-6,782267454E-1	9,311467274E-1
4,800000000E0	1,408959496E0	9,045052539E-1
4,810000000E0	3,499067069E0	9,292733832E-1
4,820000000E0	5,596006491E0	9,584118107E-1
4,830000000E0	7,689511241E0	1,082861969E0
4,840000000E0	9,602931608E0	1,235033282E0
4,850000000E0	1,173051458E1	1,453668288E0
4,860000000E0	1,371076645E1	1,681258657E0
4,870000000E0	1,565686203E1	1,993272916E0
4,880000000E0	1,764900436E1	2,348313793E0
4,890000000E0	1,960353468E1	2,768103429E0
4,900000000E0	2,151587590E1	3,276541567E0
4,910000000E0	2,342153884E1	3,827279675E0
4,920000000E0	2,525433096E1	4,448769635E0
4,930000000E0	2,702164440E1	5,134864426E0
4,940000000E0	2,875746873E1	6,070901379E0
4,950000000E0	3,048381121E1	6,719243537E0
4,960000000E0	3,210820319E1	7,555544822E0
4,970000000E0	3,367178061E1	8,466962036E0
4,980000000E0	3,520911659E1	9,383991935E0
4,990000000E0	3,665641940E1	1,032070011E1
5,000000000E0	3,801577160E1	1,130238274E1
5,010000000E0	3,932771983E1	1,229187877E1
5,020000000E0	4,058829135E1	1,328513811E1
5,030000000E0	4,179969127E1	1,430338772E1
5,040000000E0	4,292808605E1	1,532373628E1
5,050000000E0	4,401661222E1	1,630721637E1
5,060000000E0	4,501486807E1	1,729257497E1
5,070000000E0	4,595398825E1	1,828508255E1
5,080000000E0	4,669309587E1	1,944406020E1
5,090000000E0	4,772029742E1	2,019638686E1
5,100000000E0	4,848396920E1	2,108341986E1
5,110000000E0	4,920790830E1	2,194553196E1
5,120000000E0	4,990185548E1	2,278006484E1
5,130000000E0	5,053224966E1	2,357622312E1
5,140000000E0	5,113097365E1	2,437445355E1
5,150000000E0	5,170414843E1	2,512957584E1
5,160000000E0	5,221070799E1	2,584141882E1
5,170000000E0	5,268354897E1	2,649999222E1
5,180000000E0	5,313878666E1	2,715443432E1
5,190000000E0	5,352621244E1	2,771263820E1
5,200000000E0	5,388448124E1	2,825699169E1
5,210000000E0	5,422057831E1	2,874389724E1
5,220000000E0	5,450144565E1	2,919338965E1
5,230000000E0	5,473059542E1	2,959831233E1
5,240000000E0	5,495869955E1	2,995582085E1
5,250000000E0	5,517672719E1	3,028443438E1
5,260000000E0	5,532778791E1	3,054565474E1
5,270000000E0	5,544665424E1	3,076050264E1
5,280000000E0	5,554158667E1	3,092366686E1
5,290000000E0	5,557975695E1	3,103381266E1
5,300000000E0	5,561863552E1	3,110168993E1
5,310000000E0	5,559668908E1	3,114467245E1
5,320000000E0	5,557346198E1	3,113687011E1
5,330000000E0	5,549116263E1	3,103708521E1
5,340000000E0	5,541412716E1	3,091293041E1
5,350000000E0	5,530611168E1	3,073852155E1
5,360000000E0	5,511203007E1	3,051164420E1
5,370000000E0	5,491535145E1	3,024517691E1
5,380000000E0	5,471797998E1	2,993287254E1
5,390000000E0	5,448103612E1	2,956477546E1
5,400000000E0	5,422198937E1	2,912262143E1
5,410000000E0	5,390225952E1	2,864457847E1
5,420000000E0	5,357497660E1	2,814476030E1
5,430000000E0	5,317457597E1	2,757765135E1
5,440000000E0	5,278068789E1	2,696902423E1
5,450000000E0	5,232478083E1	2,633558156E1
5,460000000E0	5,183399865E1	2,563695492E1
5,470000000E0	5,131249458E1	2,490183937E1
5,480000000E0	5,074673458E1	2,415991977E1
5,490000000E0	5,014410552E1	2,334733611E1
5,500000000E0	4,946673392E1	2,251490551E1
5,510000000E0	4,873108302E1	2,164674804E1
5,520000000E0	4,798109602E1	2,072530383E1
5,530000000E0	4,714066571E1	1,982468314E1
5,540000000E0	4,629033660E1	1,884848890E1
5,550000000E0	4,543690772E1	1,788691419E1
5,560000000E0	4,449452850E1	1,690742877E1
5,570000000E0	4,346152670E1	1,590661846E1
5,580000000E0	4,235421583E1	1,489746384E1
5,590000000E0	4,123696973E1	1,389122294E1
5,600000000E0	4,003107302E1	1,288368354E1
5,610000000E0	3,878645247E1	1,186179312E1
5,620000000E0	3,748455276E1	1,087257036E1
5,630000000E0	3,610223262E1	9,883421622E0
5,640000000E0	3,463969307E1	8,943208083E0
5,650000000E0	3,313954739E1	8,034606547E0
5,660000000E0	3,157216875E1	7,163123944E0
5,670000000E0	2,995579661E1	6,343507469E0
5,680000000E0	2,822272427E1	5,743685733E0
5,690000000E0	2,655363483E1	4,816695098E0
5,700000000E0	2,476364827E1	4,159190214E0
5,710000000E0	2,295014909E1	3,569811738E0
5,720000000E0	2,108364632E1	3,026353566E0
5,730000000E0	1,916698336E1	2,562605725E0
5,740000000E0	1,726934237E1	2,153366682E0
5,750000000E0	1,529273585E1	1,791159305E0
5,760000000E0	1,332920449E1	1,532294533E0
5,770000000E0	1,142984019E1	1,359020718E0
5,780000000E0	9,284845237E0	1,091564690E0
5,790000000E0	7,353805163E0	9,529682026E-1
5,800000000E0	5,306639162E0	8,551756539E-1
5,810000000E0	3,296613394E0	8,283285600E-1
5,820000000E0	1,287278036E0	8,273039354E-1
5,830000000E0	-6,997664587E-1	8,843670444E-1
5,840000000E0	-2,712568873E0	1,008243748E0
5,850000000E0	-4,696217233E0	1,191201554E0
5,860000000E0	-6,635580208E0	1,397212466E0
5,870000000E0	-8,675849168E0	1,672784138E0
5,880000000E0	-1,058996433E1	1,921445014E0
5,890000000E0	-1,253484329E1	2,254156465E0
5,900000000E0	-1,443250419E1	2,633534440E0
5,910000000E0	-1,631310677E1	3,089266039E0
5,920000000E0	-1,815428350E1	3,582767803E0
5,930000000E0	-1,997693339E1	4,106157557E0
5,940000000E0	-2,170608342E1	4,688700644E0
5,950000000E0	-2,336592426E1	5,332916040E0
5,960000000E0	-2,497469917E1	5,988946767E0
5,970000000E0	-2,671690118E1	6,799373030E0
5,980000000E0	-2,822272872E1	7,588340365E0
5,990000000E0	-2,974814334E1	8,457012490E0
6,000000000E0	-3,119935291E1	9,361391270E0
6,010000000E0	-3,261455559E1	1,024815769E1
6,020000000E0	-3,396079324E1	1,117065206E1
6,030000000E0	-3,520551682E1	1,212295043E1
6,040000000E0	-3,640281458E1	1,308968387E1
6,050000000E0	-3,757665005E1	1,405123273E1
6,060000000E0	-3,867514217E1	1,501234854E1
6,070000000E0	-3,972993049E1	1,595134453E1
6,080000000E0	-4,070897015E1	1,689537571E1
6,090000000E0	-4,166523052E1	1,781315652E1
6,100000000E0	-4,255709117E1	1,873372410E1
6,110000000E0	-4,336298795E1	1,958560197E1
6,120000000E0	-4,397323055E1	2,064764472E1
6,130000000E0	-4,481742741E1	2,127253820E1
6,140000000E0	-4,549741003E1	2,205685042E1
6,150000000E0	-4,612881812E1	2,282476036E1
6,160000000E0	-4,670527997E1	2,355460320E1
6,170000000E0	-4,723428861E1	2,420599704E1
6,180000000E0	-4,770690184E1	2,485466822E1
6,190000000E0	-4,815626705E1	2,548144546E1
6,200000000E0	-4,853221367E1	2,609016690E1
6,210000000E0	-4,890190835E1	2,660425339E1
6,220000000E0	-4,923732244E1	2,710896472E1
6,230000000E0	-4,952534382E1	2,755436638E1
6,240000000E0	-4,980007955E1	2,797676499E1
6,250000000E0	-4,999917012E1	2,836567610E1
6,260000000E0	-5,020500352E1	2,869287723E1
6,270000000E0	-5,035089664E1	2,898099285E1
6,280000000E0	-5,048313428E1	2,921483889E1
6,290000000E0	-5,058224484E1	2,936858816E1
6,300000000E0	-5,065929801E1	2,948607973E1
6,310000000E0	-5,069812094E1	2,956727429E1
6,320000000E0	-5,070791368E1	2,959783277E1
6,330000000E0	-5,070075215E1	2,959714690E1
6,340000000E0	-5,064789885E1	2,958111865E1
6,350000000E0	-5,056254915E1	2,947837863E1
6,360000000E0	-5,044305150E1	2,934684772E1
6,370000000E0	-5,028472787E1	2,915032194E1
6,380000000E0	-5,011403621E1	2,887565802E1
6,390000000E0	-4,994454910E1	2,860838120E1
6,400000000E0	-4,973847766E1	2,826350992E1
6,410000000E0	-4,949214322E1	2,788984798E1
6,420000000E0	-4,921169809E1	2,743715051E1
6,430000000E0	-4,889946030E1	2,695342937E1
6,440000000E0	-4,853212590E1	2,644990632E1
6,450000000E0	-4,816167174E1	2,586303750E1
6,460000000E0	-4,771408401E1	2,525826144E1
6,470000000E0	-4,722804514E1	2,462870208E1
6,480000000E0	-4,673376214E1	2,392872745E1
6,490000000E0	-4,616732004E1	2,320606115E1
6,500000000E0	-4,557222010E1	2,241177609E1
6,510000000E0	-4,492980556E1	2,162995926E1
6,520000000E0	-4,422661447E1	2,085188291E1
6,530000000E0	-4,340315323E1	1,994815598E1
6,540000000E0	-4,274494146E1	1,905940546E1
6,550000000E0	-4,193298563E1	1,817947487E1
6,560000000E0	-4,106126252E1	1,723526316E1
6,570000000E0	-4,012949473E1	1,627463367E1
6,580000000E0	-3,915809885E1	1,531024301E1
6,590000000E0	-3,812839111E1	1,440878980E1
6,600000000E0	-3,701738050E1	1,345600220E1
6,610000000E0	-3,587144123E1	1,250318722E1
6,620000000E0	-3,468264870E1	1,155227879E1
6,630000000E0	-3,337807128E1	1,064809408E1
6,640000000E0	-3,203506718E1	9,739416312E0
6,650000000E0	-3,060080613E1	8,860854478E0
6,660000000E0	-2,912948479E1	7,977277649E0
6,670000000E0	-2,758524847E1	7,131095463E0
6,680000000E0	-2,595616975E1	6,584302228E0
6,690000000E0	-2,433892727E1	5,627639708E0
6,700000000E0	-2,268588973E1	4,999845320E0
6,710000000E0	-2,098150181E1	4,409803527E0
6,720000000E0	-1,926373817E1	3,865430671E0
6,730000000E0	-1,744353426E1	3,368962142E0
6,740000000E0	-1,566432305E1	2,958125566E0
6,750000000E0	-1,387292312E1	2,561838877E0
6,760000000E0	-1,206012457E1	2,186149310E0
6,770000000E0	-1,027169256E1	1,883533501E0
6,780000000E0	-8,465167165E0	1,675845334E0
6,790000000E0	-6,511245271E0	1,396954891E0
6,800000000E0	-4,643699587E0	1,190888621E0
6,810000000E0	-2,746380537E0	1,032623887E0
6,820000000E0	-8,523608441E-1	9,246881334E-1
6,830000000E0	1,053251102E0	8,473761875E-1
6,840000000E0	2,972746973E0	8,352749689E-1
6,850000000E0	4,886522474E0	8,457459086E-1
6,860000000E0	6,835027643E0	9,180108269E-1
6,870000000E0	8,661252145E0	1,022138348E0
6,880000000E0	1,053612086E1	1,484895751E0
6,890000000E0	1,248009194E1	1,519982327E0
6,900000000E0	1,428312698E1	1,567707371E0
6,910000000E0	1,597199841E1	1,947899962E0
6,920000000E0	1,780591901E1	2,207748725E0
6,930000000E0	1,957247363E1	2,661349626E0
6,940000000E0	2,127507342E1	3,121905611E0
6,950000000E0	2,298257436E1	3,614378444E0
6,960000000E0	2,465498464E1	4,200022520E0
6,970000000E0	2,621923609E1	4,796505755E0
6,980000000E0	2,772369229E1	5,460639747E0
6,990000000E0	2,929737728E1	6,230013900E0
7,000000000E0	3,074723462E1	6,936827963E0
7,010000000E0	3,213501100E1	7,698255339E0
7,020000000E0	3,353062368E1	8,526528347E0
7,030000000E0	3,488281037E1	9,343265739E0
7,040000000E0	3,610796261E1	1,012643541E1
7,050000000E0	3,726064597E1	1,096590356E1
7,060000000E0	3,833666127E1	1,178877009E1
7,070000000E0	3,934227370E1	1,264331912E1
7,080000000E0	4,035404287E1	1,347103324E1
7,090000000E0	4,135262340E1	1,427554965E1
7,100000000E0	4,224473679E1	1,508214831E1
7,110000000E0	4,315133765E1	1,585826950E1
7,120000000E0	4,401844701E1	1,661590156E1
7,130000000E0	4,479665742E1	1,735190005E1
7,140000000E0	4,555166933E1	1,811557858E1
7,150000000E0	4,619154082E1	1,884987182E1
7,160000000E0	4,679180330E1	1,960849325E1
7,170000000E0	4,752823379E1	2,020716690E1
7,180000000E0	4,809155886E1	2,082979205E1
7,190000000E0	4,866196158E1	2,144319090E1
7,200000000E0	4,918447172E1	2,200522971E1
7,210000000E0	4,964157634E1	2,250973396E1
7,220000000E0	5,007527612E1	2,297329125E1
7,230000000E0	5,042789198E1	2,344091286E1
7,240000000E0	5,072757762E1	2,384726708E1
7,250000000E0	5,100289872E1	2,418159616E1
7,260000000E0	5,124137197E1	2,451857042E1
7,270000000E0	5,144385440E1	2,478671879E1
7,280000000E0	5,159718647E1	2,500961234E1
7,290000000E0	5,173460981E1	2,516792322E1
7,300000000E0	5,184552295E1	2,534815789E1
7,310000000E0	5,188644396E1	2,547950268E1
7,320000000E0	5,192737268E1	2,552239923E1
7,330000000E0	5,193130015E1	2,557366770E1
