mass_A
t	x	y
0,000000000E0	-6,117961821E1	5,029116624E1
1,000000000E-2	-6,120377421E1	5,031180436E1
2,000000000E-2	-6,120309770E1	5,031519727E1
3,000000000E-2	-6,119681062E1	5,030677107E1
4,000000000E-2	-6,120130547E1	5,024978712E1
5,000000000E-2	-6,110079403E1	5,010253205E1
6,000000000E-2	-6,102223349E1	4,995654978E1
7,000000000E-2	-6,090900595E1	4,971059485E1
8,000000000E-2	-6,074277703E1	4,936258047E1
9,000000000E-2	-6,057460568E1	4,900069478E1
1,000000000E-1	-6,037805017E1	4,860594198E1
1,100000000E-1	-6,013916318E1	4,812874256E1
1,200000000E-1	-5,987631792E1	4,761053153E1
1,300000000E-1	-5,956878390E1	4,701634702E1
1,400000000E-1	-5,927444723E1	4,633800345E1
1,500000000E-1	-5,891830522E1	4,561382549E1
1,600000000E-1	-5,853220189E1	4,486888066E1
1,700000000E-1	-5,815434595E1	4,403688537E1
1,800000000E-1	-5,771315833E1	4,317938226E1
1,900000000E-1	-5,725128894E1	4,224307252E1
2,000000000E-1	-5,675704852E1	4,125205904E1
2,100000000E-1	-5,626114132E1	4,018632242E1
2,200000000E-1	-5,574419194E1	3,908525301E1
2,300000000E-1	-5,515841283E1	3,797471126E1
2,400000000E-1	-5,453769003E1	3,679306570E1
2,500000000E-1	-5,384591808E1	3,558173855E1
2,600000000E-1	-5,313783312E1	3,429624511E1
2,700000000E-1	-5,238097052E1	3,294793602E1
2,800000000E-1	-5,156285629E1	3,163330195E1
2,900000000E-1	-5,070210497E1	3,021835917E1
3,000000000E-1	-4,979451744E1	2,878479652E1
3,100000000E-1	-4,879478091E1	2,732264985E1
3,200000000E-1	-4,774383673E1	2,586686319E1
3,300000000E-1	-4,661607342E1	2,436187248E1
3,400000000E-1	-4,542561966E1	2,283519591E1
3,500000000E-1	-4,410485974E1	2,138726268E1
3,600000000E-1	-4,276077005E1	1,980533067E1
3,700000000E-1	-4,150027992E1	1,830606800E1
3,800000000E-1	-4,001762138E1	1,678970364E1
3,900000000E-1	-3,850833125E1	1,526235243E1
4,000000000E-1	-3,688017708E1	1,379295809E1
4,100000000E-1	-3,516206187E1	1,234910843E1
4,200000000E-1	-3,336729254E1	1,094226919E1
4,300000000E-1	-3,146223186E1	9,619155074E0
4,400000000E-1	-2,945124107E1	8,383162309E0
4,500000000E-1	-2,732533683E1	7,227386163E0
4,600000000E-1	-2,507208120E1	6,189457651E0
4,700000000E-1	-2,294747594E1	5,360676434E0
4,800000000E-1	-2,067082745E1	4,538410325E0
4,900000000E-1	-1,835378028E1	3,713162076E0
5,000000000E-1	-1,595213657E1	3,101757932E0
5,100000000E-1	-1,350528394E1	2,616793418E0
5,200000000E-1	-1,107520944E1	2,218207059E0
5,300000000E-1	-8,671572104E0	1,893615206E0
5,400000000E-1	-6,130556411E0	1,619128022E0
5,500000000E-1	-3,655392447E0	1,411592028E0
5,600000000E-1	-1,159268286E0	1,239321756E0
5,700000000E-1	1,312783454E0	1,187833893E0
5,800000000E-1	3,806114788E0	1,204355263E0
5,900000000E-1	6,235043975E0	1,311057591E0
6,000000000E-1	8,703441529E0	1,514972458E0
6,100000000E-1	1,122646515E1	1,783688946E0
6,200000000E-1	1,344429159E1	2,027333316E0
6,300000000E-1	1,582514855E1	2,377069759E0
6,400000000E-1	1,820087853E1	2,841438195E0
6,500000000E-1	2,054860025E1	3,410949946E0
6,600000000E-1	2,286211249E1	4,036656836E0
6,700000000E-1	2,509815715E1	4,863028421E0
6,800000000E-1	2,711773212E1	5,593990258E0
6,900000000E-1	2,942000942E1	6,582392617E0
7,000000000E-1	3,145821327E1	7,531381862E0
7,100000000E-1	3,344336086E1	8,645626744E0
7,200000000E-1	3,535411413E1	9,768477412E0
7,300000000E-1	3,712393571E1	1,094990656E1
7,400000000E-1	3,875505579E1	1,224943742E1
7,500000000E-1	4,037360105E1	1,346150653E1
7,600000000E-1	4,188014206E1	1,481240718E1
7,700000000E-1	4,328890192E1	1,617402056E1
7,800000000E-1	4,470149920E1	1,753059264E1
7,900000000E-1	4,595325344E1	1,881794358E1
8,000000000E-1	4,716908371E1	2,028290655E1
8,100000000E-1	4,833359886E1	2,163421459E1
8,200000000E-1	4,942344848E1	2,296992226E1
8,300000000E-1	5,044956999E1	2,430764885E1
8,400000000E-1	5,139835165E1	2,561466601E1
8,500000000E-1	5,231418844E1	2,685818545E1
8,600000000E-1	5,314497982E1	2,809556680E1
8,700000000E-1	5,390918406E1	2,931593385E1
8,800000000E-1	5,462505143E1	3,049913739E1
8,900000000E-1	5,532628696E1	3,161751078E1
9,000000000E-1	5,595894947E1	3,270544283E1
9,100000000E-1	5,654848123E1	3,375276234E1
9,200000000E-1	5,713468596E1	3,474919222E1
9,300000000E-1	5,772453144E1	3,568581470E1
9,400000000E-1	5,827513266E1	3,659581666E1
9,500000000E-1	5,877334043E1	3,742781027E1
9,600000000E-1	5,926438936E1	3,826498177E1
9,700000000E-1	5,967704175E1	3,907618357E1
9,800000000E-1	6,007484869E1	3,983108672E1
9,900000000E-1	6,041543519E1	4,053461961E1
1,000000000E0	6,075610694E1	4,115386064E1
1,010000000E0	6,106589922E1	4,172882999E1
1,020000000E0	6,137232058E1	4,226160813E1
1,030000000E0	6,160960793E1	4,271687988E1
1,040000000E0	6,182970932E1	4,314428906E1
1,050000000E0	6,204630298E1	4,351565674E1
1,060000000E0	6,221446155E1	4,384332101E1
1,070000000E0	6,235312018E1	4,409236737E1
1,080000000E0	6,245146526E1	4,426128050E1
1,090000000E0	6,255122200E1	4,438523280E1
1,100000000E0	6,257280877E1	4,449467313E1
1,110000000E0	6,258479293E1	4,452055557E1
1,120000000E0	6,255594420E1	4,450208597E1
1,130000000E0	6,253750652E1	4,439284947E1
1,140000000E0	6,241821757E1	4,425314689E1
1,150000000E0	6,230744260E1	4,401871981E1
1,160000000E0	6,214362262E1	4,373444690E1
1,170000000E0	6,204147695E1	4,333172678E1
1,180000000E0	6,182259132E1	4,295301245E1
1,190000000E0	6,159149693E1	4,250660982E1
1,200000000E0	6,133562986E1	4,199569689E1
1,210000000E0	6,100010831E1	4,146963324E1
1,220000000E0	6,067442488E1	4,088676691E1
1,230000000E0	6,031045800E1	4,020706616E1
1,240000000E0	5,990215479E1	3,946531488E1
1,250000000E0	5,949362801E1	3,871133109E1
1,260000000E0	5,904648669E1	3,788381182E1
1,270000000E0	5,856218088E1	3,702803450E1
1,280000000E0	5,805094017E1	3,609797900E1
1,290000000E0	5,749386817E1	3,513037268E1
1,300000000E0	5,688114096E1	3,413447779E1
1,310000000E0	5,625862056E1	3,306613378E1
1,320000000E0	5,557207677E1	3,197261912E1
1,330000000E0	5,485036155E1	3,081997992E1
1,340000000E0	5,402439112E1	2,968725838E1
1,350000000E0	5,320526494E1	2,851093251E1
1,360000000E0	5,234042043E1	2,729501693E1
1,370000000E0	5,145565400E1	2,606153617E1
1,380000000E0	5,054531673E1	2,478468271E1
1,390000000E0	4,953450112E1	2,344931551E1
1,400000000E0	4,845332071E1	2,212554229E1
1,410000000E0	4,729590077E1	2,080327797E1
1,420000000E0	4,614304806E1	1,947883554E1
1,430000000E0	4,484396114E1	1,813453233E1
1,440000000E0	4,354422824E1	1,672913775E1
1,450000000E0	4,210571898E1	1,537722913E1
1,460000000E0	4,062578957E1	1,401015933E1
1,470000000E0	3,908225054E1	1,267537590E1
1,480000000E0	3,740621936E1	1,140843323E1
1,490000000E0	3,565519476E1	1,016402039E1
1,500000000E0	3,385675804E1	8,980173401E0
1,510000000E0	3,196630555E1	7,889959227E0
1,520000000E0	2,999570348E1	6,887042837E0
1,530000000E0	2,789109942E1	5,840505074E0
1,540000000E0	2,585219643E1	5,053625283E0
1,550000000E0	2,365928762E1	4,267845204E0
1,560000000E0	2,146220832E1	3,571252130E0
1,570000000E0	1,921207274E1	2,986728923E0
1,580000000E0	1,691781718E1	2,456400605E0
1,590000000E0	1,462781602E1	2,133406616E0
1,600000000E0	1,231958922E1	1,840535379E0
1,610000000E0	9,774545781E0	1,543959831E0
1,620000000E0	7,638626756E0	1,296680538E0
1,630000000E0	5,176670540E0	1,161430045E0
1,640000000E0	2,805705175E0	1,133588820E0
1,650000000E0	4,411856333E-1	1,183758932E0
1,660000000E0	-1,931477730E0	1,276946609E0
1,670000000E0	-4,288910661E0	1,484905575E0
1,680000000E0	-6,555521766E0	1,709690140E0
1,690000000E0	-8,940995033E0	2,015601985E0
1,700000000E0	-1,122957679E1	2,358699082E0
1,710000000E0	-1,351859036E1	2,755095043E0
1,720000000E0	-1,577276385E1	3,254372919E0
1,730000000E0	-1,798160422E1	3,830086661E0
1,740000000E0	-2,008363914E1	4,596644462E0
1,750000000E0	-2,215824918E1	5,372670170E0
1,760000000E0	-2,409610389E1	6,209173129E0
1,770000000E0	-2,613471111E1	7,041419137E0
1,780000000E0	-2,806162701E1	7,962516710E0
1,790000000E0	-2,995097906E1	8,997858166E0
1,800000000E0	-3,173939874E1	1,012429925E1
1,810000000E0	-3,342135393E1	1,129111569E1
1,820000000E0	-3,503871898E1	1,248994487E1
1,830000000E0	-3,660845974E1	1,371709498E1
1,840000000E0	-3,806342578E1	1,501408077E1
1,850000000E0	-3,943081652E1	1,631598140E1
1,860000000E0	-4,074570888E1	1,761939597E1
1,870000000E0	-4,194865704E1	1,899592371E1
1,880000000E0	-4,315897025E1	2,015770951E1
1,890000000E0	-4,421750961E1	2,158876095E1
1,900000000E0	-4,536039418E1	2,273411928E1
1,910000000E0	-4,635616229E1	2,398620719E1
1,920000000E0	-4,727500230E1	2,515680702E1
1,930000000E0	-4,814126106E1	2,633105000E1
1,940000000E0	-4,894089435E1	2,750301739E1
1,950000000E0	-4,967977398E1	2,862570286E1
1,960000000E0	-5,035571791E1	2,970638858E1
1,970000000E0	-5,101867572E1	3,074249711E1
1,980000000E0	-5,163618455E1	3,174290607E1
1,990000000E0	-5,219204194E1	3,269776031E1
2,000000000E0	-5,271061178E1	3,364908356E1
2,010000000E0	-5,315699182E1	3,452467532E1
2,020000000E0	-5,359815441E1	3,536767807E1
2,030000000E0	-5,397947590E1	3,617328641E1
2,040000000E0	-5,433537535E1	3,692173524E1
2,050000000E0	-5,467172144E1	3,762810668E1
2,060000000E0	-5,495957232E1	3,825809782E1
2,070000000E0	-5,520704767E1	3,883800981E1
2,080000000E0	-5,542046176E1	3,935779946E1
2,090000000E0	-5,563793181E1	3,984041057E1
2,100000000E0	-5,583156606E1	4,028522502E1
2,110000000E0	-5,599924170E1	4,065311911E1
2,120000000E0	-5,613228515E1	4,098548807E1
2,130000000E0	-5,623851825E1	4,126235113E1
2,140000000E0	-5,634787844E1	4,149106792E1
2,150000000E0	-5,638368190E1	4,161204991E1
2,160000000E0	-5,647207118E1	4,173831892E1
2,170000000E0	-5,648711475E1	4,174851827E1
2,180000000E0	-5,650388681E1	4,173867259E1
2,190000000E0	-5,650284696E1	4,164912252E1
2,200000000E0	-5,648818159E1	4,156390302E1
2,210000000E0	-5,647010876E1	4,141184907E1
2,220000000E0	-5,637079144E1	4,117083010E1
2,230000000E0	-5,626867295E1	4,090115841E1
2,240000000E0	-5,613255674E1	4,056788438E1
2,250000000E0	-5,599007625E1	4,019573259E1
2,260000000E0	-5,579353750E1	3,978339287E1
2,270000000E0	-5,561269745E1	3,932292607E1
2,280000000E0	-5,535704748E1	3,876505904E1
2,290000000E0	-5,507680180E1	3,814760043E1
2,300000000E0	-5,479441708E1	3,752691789E1
2,310000000E0	-5,444494240E1	3,681469746E1
2,320000000E0	-5,407867165E1	3,608119014E1
2,330000000E0	-5,366679146E1	3,532734678E1
2,340000000E0	-5,322057472E1	3,450995526E1
2,350000000E0	-5,273013464E1	3,362234800E1
2,360000000E0	-5,217143098E1	3,271068931E1
2,370000000E0	-5,158274106E1	3,173714099E1
2,380000000E0	-5,094545151E1	3,071047353E1
2,390000000E0	-5,026427524E1	2,961222281E1
2,400000000E0	-4,952611325E1	2,851477655E1
2,410000000E0	-4,877650271E1	2,739372039E1
2,420000000E0	-4,793300969E1	2,622190047E1
2,430000000E0	-4,699941729E1	2,501709517E1
2,440000000E0	-4,603113852E1	2,379220847E1
2,450000000E0	-4,497886755E1	2,254909442E1
2,460000000E0	-4,383564076E1	2,143313167E1
2,470000000E0	-4,254937070E1	2,003485605E1
2,480000000E0	-4,158582380E1	1,879325642E1
2,490000000E0	-4,033672558E1	1,745017749E1
2,500000000E0	-3,903923715E1	1,616118133E1
2,510000000E0	-3,763974426E1	1,484435358E1
2,520000000E0	-3,617048489E1	1,357072540E1
2,530000000E0	-3,465016460E1	1,232375394E1
2,540000000E0	-3,303302238E1	1,114901737E1
2,550000000E0	-3,134073263E1	9,981948635E0
2,560000000E0	-2,958443077E1	8,880819840E0
2,570000000E0	-2,768889338E1	7,849483229E0
2,580000000E0	-2,580917932E1	6,936744939E0
2,590000000E0	-2,373009210E1	6,192927468E0
2,600000000E0	-2,171387231E1	5,320111517E0
2,610000000E0	-1,973805595E1	4,620049068E0
2,620000000E0	-1,759972850E1	3,923332224E0
2,630000000E0	-1,545219911E1	3,371625638E0
2,640000000E0	-1,329381922E1	2,895759835E0
2,650000000E0	-1,110383318E1	2,495510190E0
2,660000000E0	-8,894921509E0	2,164945134E0
2,670000000E0	-6,630001501E0	1,880834423E0
2,680000000E0	-4,441408686E0	1,666575674E0
2,690000000E0	-2,189079073E0	1,461560469E0
2,700000000E0	5,378195932E-2	1,330279878E0
2,710000000E0	2,312436598E0	1,281907313E0
2,720000000E0	4,573017421E0	1,306914247E0
2,730000000E0	6,904630908E0	1,442265919E0
2,740000000E0	9,061677821E0	1,553637421E0
2,750000000E0	1,141638139E1	1,869003283E0
2,760000000E0	1,355757375E1	2,116168479E0
2,770000000E0	1,573851221E1	2,420739083E0
2,780000000E0	1,790288296E1	2,826765046E0
2,790000000E0	2,004443738E1	3,320673525E0
2,800000000E0	2,213941161E1	3,863100816E0
2,810000000E0	2,417123845E1	4,554035734E0
2,820000000E0	2,619023853E1	5,328750808E0
2,830000000E0	2,808674712E1	6,105651575E0
2,840000000E0	2,990745753E1	6,837594046E0
2,850000000E0	3,169674636E1	7,709654348E0
2,860000000E0	3,341467488E1	8,730538844E0
2,870000000E0	3,508528621E1	9,729591836E0
2,880000000E0	3,666206151E1	1,081079112E1
2,890000000E0	3,820138720E1	1,190129033E1
2,900000000E0	3,967664529E1	1,301373894E1
2,910000000E0	4,100878423E1	1,418293490E1
2,920000000E0	4,229926298E1	1,534998569E1
2,930000000E0	4,353657461E1	1,655893877E1
2,940000000E0	4,475326684E1	1,784371689E1
2,950000000E0	4,580073102E1	1,874974532E1
2,960000000E0	4,682834644E1	2,005978559E1
2,970000000E0	4,783091758E1	2,108510643E1
2,980000000E0	4,872484323E1	2,222815590E1
2,990000000E0	4,960901086E1	2,333063357E1
3,000000000E0	5,039630574E1	2,437836254E1
3,010000000E0	5,116467017E1	2,541047358E1
3,020000000E0	5,187875963E1	2,636678092E1
3,030000000E0	5,254636745E1	2,726592804E1
3,040000000E0	5,318993872E1	2,816264110E1
3,050000000E0	5,385489914E1	2,901309459E1
3,060000000E0	5,446060259E1	2,985321503E1
3,070000000E0	5,498522830E1	3,069104989E1
3,080000000E0	5,546310038E1	3,147037944E1
3,090000000E0	5,592407446E1	3,217691280E1
3,100000000E0	5,637928918E1	3,284531293E1
3,110000000E0	5,676673980E1	3,347076937E1
3,120000000E0	5,713120075E1	3,404788504E1
3,130000000E0	5,747009550E1	3,455872942E1
3,140000000E0	5,773693343E1	3,507420775E1
3,150000000E0	5,799731487E1	3,550703981E1
3,160000000E0	5,822875078E1	3,588530740E1
3,170000000E0	5,844318031E1	3,619984619E1
3,180000000E0	5,859723917E1	3,646949495E1
3,190000000E0	5,870980062E1	3,669344055E1
3,200000000E0	5,882727457E1	3,684214008E1
3,210000000E0	5,892859959E1	3,693138481E1
3,220000000E0	5,894464851E1	3,703049665E1
3,230000000E0	5,895758991E1	3,704126328E1
3,240000000E0	5,893915292E1	3,699744516E1
3,250000000E0	5,891332333E1	3,688298384E1
3,260000000E0	5,883117018E1	3,671959629E1
3,270000000E0	5,868395906E1	3,651724254E1
3,280000000E0	5,856985600E1	3,621046338E1
3,290000000E0	5,837055970E1	3,588506670E1
3,300000000E0	5,811520923E1	3,549301239E1
3,310000000E0	5,787652369E1	3,503280521E1
3,320000000E0	5,759628656E1	3,453239120E1
3,330000000E0	5,725592841E1	3,403583708E1
3,340000000E0	5,689964578E1	3,344289095E1
3,350000000E0	5,649926654E1	3,279871866E1
3,360000000E0	5,606685913E1	3,212326256E1
3,370000000E0	5,559357555E1	3,139993933E1
3,380000000E0	5,509834178E1	3,061055934E1
3,390000000E0	5,458598845E1	2,976151889E1
3,400000000E0	5,398815047E1	2,887923715E1
3,410000000E0	5,332339027E1	2,800448498E1
3,420000000E0	5,265836163E1	2,706037350E1
3,430000000E0	5,193752604E1	2,609109996E1
3,440000000E0	5,113773861E1	2,512378916E1
3,450000000E0	5,030976145E1	2,407348241E1
3,460000000E0	4,943662655E1	2,298936304E1
3,470000000E0	4,850308303E1	2,191196135E1
3,480000000E0	4,751254159E1	2,080872927E1
3,490000000E0	4,650583437E1	1,975103790E1
3,500000000E0	4,543716099E1	1,851246460E1
3,510000000E0	4,435885060E1	1,736695386E1
3,520000000E0	4,309598626E1	1,626684332E1
3,530000000E0	4,182744207E1	1,510558592E1
3,540000000E0	4,052802458E1	1,395130751E1
3,550000000E0	3,915678979E1	1,281398684E1
3,560000000E0	3,771096567E1	1,172301771E1
3,570000000E0	3,619711555E1	1,066781764E1
3,580000000E0	3,462920920E1	9,604668238E0
3,590000000E0	3,296746180E1	8,626552238E0
3,600000000E0	3,125801258E1	7,657639541E0
3,610000000E0	2,948185789E1	6,776574267E0
3,620000000E0	2,747493042E1	5,832938502E0
3,630000000E0	2,570982287E1	5,187562726E0
3,640000000E0	2,378109269E1	4,500818494E0
3,650000000E0	2,179113308E1	3,860542082E0
3,660000000E0	1,973710559E1	3,307072022E0
3,670000000E0	1,766147358E1	2,848883685E0
3,680000000E0	1,558395916E1	2,474105113E0
3,690000000E0	1,348162099E1	2,180370686E0
3,700000000E0	1,140580662E1	1,885446938E0
3,710000000E0	9,123345401E0	1,608263388E0
3,720000000E0	7,104901620E0	1,503995830E0
3,730000000E0	4,854976947E0	1,380888128E0
3,740000000E0	2,716860494E0	1,362171176E0
3,750000000E0	5,590356448E-1	1,363678482E0
3,760000000E0	-1,594948060E0	1,430977337E0
3,770000000E0	-3,742369867E0	1,588522104E0
3,780000000E0	-5,846734472E0	1,773427050E0
3,790000000E0	-8,022323221E0	2,028485974E0
3,800000000E0	-1,005795005E1	2,308488672E0
3,810000000E0	-1,215371069E1	2,625914860E0
3,820000000E0	-1,422620114E1	3,005773067E0
3,830000000E0	-1,626392522E1	3,471566558E0
3,840000000E0	-1,827316241E1	4,030497707E0
3,850000000E0	-2,015613971E1	4,751520464E0
3,860000000E0	-2,204286486E1	5,462181129E0
3,870000000E0	-2,385849056E1	6,218842832E0
3,880000000E0	-2,580231024E1	6,909567675E0
3,890000000E0	-2,747983915E1	7,784370051E0
3,900000000E0	-2,918151310E1	8,714445338E0
3,910000000E0	-3,081939817E1	9,728564094E0
3,920000000E0	-3,232529639E1	1,074966845E1
3,930000000E0	-3,378070586E1	1,179065984E1
3,940000000E0	-3,517183183E1	1,287382172E1
3,950000000E0	-3,649561761E1	1,396855322E1
3,960000000E0	-3,772786360E1	1,509966087E1
3,970000000E0	-3,891152145E1	1,622561454E1
3,980000000E0	-4,002018509E1	1,732963193E1
3,990000000E0	-4,107440133E1	1,843798819E1
4,000000000E0	-4,197420326E1	1,956321492E1
4,010000000E0	-4,306518737E1	2,063776647E1
4,020000000E0	-4,382093883E1	2,157518509E1
4,030000000E0	-4,480632240E1	2,262147103E1
4,040000000E0	-4,563528969E1	2,362826866E1
4,050000000E0	-4,640673899E1	2,458838381E1
4,060000000E0	-4,712170320E1	2,551875128E1
4,070000000E0	-4,781012886E1	2,644006246E1
4,080000000E0	-4,842796996E1	2,730650878E1
4,090000000E0	-4,902733120E1	2,813955310E1
4,100000000E0	-4,957680620E1	2,895216578E1
4,110000000E0	-5,010025323E1	2,970401557E1
4,120000000E0	-5,057992980E1	3,042650749E1
4,130000000E0	-5,100857752E1	3,105834836E1
4,140000000E0	-5,140510952E1	3,168235741E1
4,150000000E0	-5,179234710E1	3,224406476E1
4,160000000E0	-5,211833061E1	3,276255630E1
4,170000000E0	-5,238601944E1	3,321197898E1
4,180000000E0	-5,263164085E1	3,364919170E1
4,190000000E0	-5,284568961E1	3,401929805E1
4,200000000E0	-5,300905224E1	3,431233002E1
4,210000000E0	-5,315422831E1	3,456866034E1
4,220000000E0	-5,325773512E1	3,477189051E1
4,230000000E0	-5,335804778E1	3,490463742E1
4,240000000E0	-5,339569625E1	3,500907912E1
4,250000000E0	-5,343381998E1	3,502803841E1
4,260000000E0	-5,346052028E1	3,503838662E1
4,270000000E0	-5,340824111E1	3,503300733E1
4,280000000E0	-5,334026326E1	3,496411211E1
4,290000000E0	-5,323455013E1	3,483721069E1
4,300000000E0	-5,311252284E1	3,464907360E1
4,310000000E0	-5,297066760E1	3,441158747E1
4,320000000E0	-5,276312237E1	3,415831251E1
4,330000000E0	-5,254729547E1	3,380915535E1
4,340000000E0	-5,228594019E1	3,342991063E1
4,350000000E0	-5,202854101E1	3,297021903E1
4,360000000E0	-5,171044974E1	3,249079997E1
4,370000000E0	-5,136780096E1	3,197324898E1
4,380000000E0	-5,096955495E1	3,138960494E1
4,390000000E0	-5,057778560E1	3,077094315E1
4,400000000E0	-5,012554030E1	3,007030820E1
4,410000000E0	-4,964170584E1	2,935255615E1
4,420000000E0	-4,914227190E1	2,860657806E1
4,430000000E0	-4,856273989E1	2,778985340E1
4,440000000E0	-4,797078030E1	2,694017827E1
4,450000000E0	-4,733887837E1	2,607739257E1
4,460000000E0	-4,666017504E1	2,513442090E1
4,470000000E0	-4,590721487E1	2,417691553E1
4,480000000E0	-4,511423413E1	2,319260988E1
4,490000000E0	-4,432692344E1	2,222798093E1
4,500000000E0	-4,350000387E1	2,126245313E1
4,510000000E0	-4,237857703E1	2,010614961E1
4,520000000E0	-4,166554827E1	1,910514949E1
4,530000000E0	-4,066729482E1	1,796607556E1
4,540000000E0	-3,962256304E1	1,683746977E1
4,550000000E0	-3,851733498E1	1,572444292E1
4,560000000E0	-3,734076928E1	1,458097554E1
4,570000000E0	-3,610013104E1	1,346185877E1
4,580000000E0	-3,479669886E1	1,236173319E1
4,590000000E0	-3,338560242E1	1,127622887E1
4,600000000E0	-3,192721287E1	1,021563851E1
4,610000000E0	-3,038862282E1	9,216497572E0
4,620000000E0	-2,878596312E1	8,227673049E0
4,630000000E0	-2,707474421E1	7,324254392E0
4,640000000E0	-2,543588766E1	6,575448443E0
4,650000000E0	-2,352481081E1	5,756126696E0
4,660000000E0	-2,168511270E1	5,022282062E0
4,670000000E0	-1,989980932E1	4,375918945E0
4,680000000E0	-1,800478086E1	3,724333504E0
4,690000000E0	-1,601933158E1	3,224660197E0
4,700000000E0	-1,401992709E1	2,812735928E0
4,710000000E0	-1,196688129E1	2,452407567E0
4,720000000E0	-9,909361537E0	2,150851795E0
4,730000000E0	-7,943686553E0	1,915051958E0
4,740000000E0	-5,807143276E0	1,680072730E0
4,750000000E0	-3,754960876E0	1,501149058E0
4,760000000E0	-1,696681941E0	1,385209635E0
4,770000000E0	3,599937177E-1	1,304897907E0
4,780000000E0	2,452254165E0	1,286067184E0
4,790000000E0	4,514627621E0	1,332667514E0
4,800000000E0	6,597596305E0	1,431912454E0
4,810000000E0	8,717841873E0	1,588411208E0
4,820000000E0	1,072853434E1	1,813262123E0
4,830000000E0	1,268959037E1	2,123847939E0
4,840000000E0	1,461839371E1	2,367343621E0
4,850000000E0	1,655620313E1	2,643436976E0
4,860000000E0	1,847396906E1	2,991032810E0
4,870000000E0	2,041906255E1	3,447490120E0
4,880000000E0	2,232269084E1	3,972967070E0
4,890000000E0	2,416816153E1	4,555728148E0
4,900000000E0	2,602065974E1	5,229571454E0
4,910000000E0	2,764075560E1	5,730090193E0
4,920000000E0	2,943394561E1	6,592705378E0
4,930000000E0	3,108788384E1	7,350590252E0
4,940000000E0	3,270000999E1	8,171296969E0
4,950000000E0	3,425983960E1	9,044797555E0
4,960000000E0	3,572449900E1	9,974023788E0
4,970000000E0	3,714899747E1	1,092402900E1
4,980000000E0	3,849355216E1	1,188364025E1
4,990000000E0	3,974753705E1	1,284613523E1
5,000000000E0	4,094005242E1	1,384922210E1
5,010000000E0	4,208511036E1	1,479459466E1
5,020000000E0	4,317860679E1	1,578498921E1
5,030000000E0	4,418137766E1	1,681606169E1
5,040000000E0	4,516626204E1	1,780803340E1
5,050000000E0	4,604661134E1	1,870487186E1
5,060000000E0	4,682693285E1	1,984072132E1
5,070000000E0	4,772044388E1	2,061225589E1
5,080000000E0	4,846664498E1	2,149792800E1
5,090000000E0	4,918233976E1	2,236396107E1
5,100000000E0	4,986229813E1	2,320581187E1
5,110000000E0	5,050264176E1	2,402295915E1
5,120000000E0	5,109170221E1	2,478260584E1
5,130000000E0	5,161313751E1	2,551229286E1
5,140000000E0	5,209004819E1	2,621516731E1
5,150000000E0	5,255785487E1	2,685129693E1
5,160000000E0	5,297925118E1	2,746970988E1
5,170000000E0	5,330472825E1	2,802819348E1
5,180000000E0	5,366365540E1	2,853055421E1
5,190000000E0	5,397803513E1	2,899298907E1
5,200000000E0	5,423798011E1	2,944504078E1
5,210000000E0	5,446751278E1	2,981507887E1
5,220000000E0	5,462794012E1	3,016751100E1
5,230000000E0	5,481455986E1	3,041396525E1
5,240000000E0	5,496220304E1	3,065632439E1
5,250000000E0	5,509453940E1	3,080175168E1
5,260000000E0	5,521133999E1	3,092451936E1
5,270000000E0	5,530969940E1	3,101329761E1
5,280000000E0	5,534845037E1	3,105313113E1
5,290000000E0	5,537216781E1	3,106712912E1
5,300000000E0	5,533468532E1	3,102751474E1
5,310000000E0	5,531969842E1	3,091017643E1
5,320000000E0	5,520845710E1	3,077525409E1
5,330000000E0	5,509271038E1	3,055283455E1
5,340000000E0	5,496290512E1	3,030256887E1
5,350000000E0	5,479470143E1	2,995562938E1
5,360000000E0	5,459936771E1	2,959455563E1
5,370000000E0	5,434048330E1	2,920222417E1
5,380000000E0	5,403220036E1	2,876424903E1
5,390000000E0	5,374076332E1	2,825878229E1
5,400000000E0	5,338166869E1	2,769780578E1
5,410000000E0	5,299420949E1	2,709334499E1
5,420000000E0	5,255363667E1	2,646692029E1
5,430000000E0	5,208057320E1	2,579069507E1
5,440000000E0	5,157548129E1	2,506073524E1
5,450000000E0	5,100028860E1	2,430316415E1
5,460000000E0	5,039357967E1	2,353350071E1
5,470000000E0	4,976597763E1	2,272426555E1
5,480000000E0	4,906511159E1	2,189260959E1
5,490000000E0	4,834403321E1	2,102924071E1
5,500000000E0	4,754427458E1	2,020483001E1
5,510000000E0	4,658999736E1	1,944060552E1
5,520000000E0	4,575989555E1	1,827527671E1
5,530000000E0	4,480631449E1	1,734040243E1
5,540000000E0	4,378932146E1	1,633924092E1
5,550000000E0	4,270087522E1	1,536988769E1
5,560000000E0	4,158777575E1	1,435187147E1
5,570000000E0	4,040056001E1	1,334939756E1
5,580000000E0	3,914112733E1	1,236619784E1
5,590000000E0	3,783428252E1	1,139567534E1
5,600000000E0	3,645882354E1	1,045745743E1
5,610000000E0	3,504653981E1	9,530837377E0
5,620000000E0	3,353278804E1	8,627811606E0
5,630000000E0	3,198847089E1	7,801307994E0
5,640000000E0	3,040811419E1	6,978807494E0
5,650000000E0	2,873379909E1	6,295916821E0
5,660000000E0	2,702348702E1	5,462331708E0
5,670000000E0	2,532489915E1	4,827018055E0
5,680000000E0	2,354395617E1	4,206306341E0
5,690000000E0	2,170169501E1	3,637545097E0
5,700000000E0	1,986985946E1	3,174221601E0
5,710000000E0	1,800840028E1	2,766047825E0
5,720000000E0	1,612024344E1	2,384422158E0
5,730000000E0	1,420030526E1	2,086901976E0
5,740000000E0	1,227354353E1	1,844341256E0
5,750000000E0	1,023059784E1	1,665367138E0
5,760000000E0	8,386483026E0	1,377727890E0
5,770000000E0	6,335905441E0	1,253609548E0
5,780000000E0	4,334606114E0	1,177158755E0
5,790000000E0	2,365021371E0	1,159913509E0
5,800000000E0	3,940642356E-1	1,174142463E0
5,810000000E0	-1,583145917E0	1,243314030E0
5,820000000E0	-3,549659138E0	1,348587777E0
5,830000000E0	-5,511560625E0	1,516146654E0
5,840000000E0	-7,471461373E0	1,796211566E0
5,850000000E0	-9,410455090E0	1,976199141E0
5,860000000E0	-1,133942397E1	2,263142840E0
5,870000000E0	-1,326809121E1	2,599990385E0
5,880000000E0	-1,516463405E1	2,972344687E0
5,890000000E0	-1,698206281E1	3,438693409E0
5,900000000E0	-1,873999344E1	3,925054366E0
5,910000000E0	-2,043969144E1	4,558802295E0
5,920000000E0	-2,215468883E1	5,196603316E0
5,930000000E0	-2,382941654E1	5,881337102E0
5,940000000E0	-2,552784756E1	6,621384249E0
5,950000000E0	-2,707158652E1	7,310736970E0
5,960000000E0	-2,859345400E1	8,137449230E0
5,970000000E0	-3,003791859E1	9,016150689E0
5,980000000E0	-3,143202566E1	9,931191561E0
5,990000000E0	-3,275877650E1	1,085305996E1
6,000000000E0	-3,398527132E1	1,177883985E1
6,010000000E0	-3,518186388E1	1,273940450E1
6,020000000E0	-3,630455888E1	1,370252633E1
6,030000000E0	-3,735065285E1	1,466782718E1
6,040000000E0	-3,833100171E1	1,561994604E1
6,050000000E0	-3,928406118E1	1,656394106E1
6,060000000E0	-4,017958210E1	1,751748158E1
6,070000000E0	-4,103378102E1	1,842129700E1
6,080000000E0	-4,177795895E1	1,928356254E1
6,090000000E0	-4,226306023E1	2,015015795E1
6,100000000E0	-4,326515558E1	2,091318657E1
6,110000000E0	-4,381665508E1	2,157772166E1
6,120000000E0	-4,459095465E1	2,239521213E1
6,130000000E0	-4,520545810E1	2,311183888E1
6,140000000E0	-4,579224101E1	2,383433886E1
6,150000000E0	-4,634430698E1	2,452023039E1
6,160000000E0	-4,684836494E1	2,514805430E1
6,170000000E0	-4,731465024E1	2,573893692E1
6,180000000E0	-4,771976981E1	2,630156480E1
6,190000000E0	-4,811475105E1	2,681072794E1
6,200000000E0	-4,843762123E1	2,729388825E1
6,210000000E0	-4,877519907E1	2,769100276E1
6,220000000E0	-4,905120338E1	2,806144889E1
6,230000000E0	-4,928473087E1	2,838861032E1
6,240000000E0	-4,951079934E1	2,865895706E1
6,250000000E0	-4,971096229E1	2,887312717E1
6,260000000E0	-4,985864128E1	2,909107941E1
6,270000000E0	-4,995529896E1	2,922907298E1
6,280000000E0	-5,000038837E1	2,935008538E1
6,290000000E0	-5,006824198E1	2,935696423E1
6,300000000E0	-5,009321239E1	2,936575449E1
6,310000000E0	-5,007247855E1	2,934521921E1
6,320000000E0	-5,000391187E1	2,924579146E1
6,330000000E0	-4,989457639E1	2,911400844E1
6,340000000E0	-4,975255099E1	2,893396490E1
6,350000000E0	-4,962394867E1	2,867696594E1
6,360000000E0	-4,939581328E1	2,838971564E1
6,370000000E0	-4,920244487E1	2,804774420E1
6,380000000E0	-4,890551885E1	2,766971725E1
6,390000000E0	-4,856378196E1	2,729633757E1
6,400000000E0	-4,825241472E1	2,681381983E1
6,410000000E0	-4,785642234E1	2,633631273E1
6,420000000E0	-4,745676349E1	2,577755974E1
6,430000000E0	-4,699187915E1	2,522073941E1
6,440000000E0	-4,650322990E1	2,459859736E1
6,450000000E0	-4,599113013E1	2,393860858E1
6,460000000E0	-4,541003804E1	2,323546895E1
6,470000000E0	-4,479994402E1	2,249591858E1
6,480000000E0	-4,400315211E1	2,161963798E1
6,490000000E0	-4,347795164E1	2,101206915E1
6,500000000E0	-4,251194297E1	2,010328611E1
6,510000000E0	-4,191348178E1	1,928028754E1
6,520000000E0	-4,116444543E1	1,839625222E1
6,530000000E0	-4,028667337E1	1,749488198E1
6,540000000E0	-3,937766073E1	1,658297079E1
6,550000000E0	-3,841296802E1	1,563647425E1
6,560000000E0	-3,738836791E1	1,471877684E1
6,570000000E0	-3,635776988E1	1,377898043E1
6,580000000E0	-3,524800758E1	1,282256303E1
6,590000000E0	-3,408372158E1	1,188870728E1
6,600000000E0	-3,287255922E1	1,093870626E1
6,610000000E0	-3,155954038E1	1,004175089E1
6,620000000E0	-3,022711134E1	9,147303073E0
6,630000000E0	-2,878849549E1	8,273040812E0
6,640000000E0	-2,726196327E1	7,449634965E0
6,650000000E0	-2,578393886E1	6,748743713E0
6,660000000E0	-2,407807581E1	5,994363903E0
6,670000000E0	-2,250754439E1	5,289447979E0
6,680000000E0	-2,083428005E1	4,676042149E0
6,690000000E0	-1,920164336E1	4,090330025E0
6,700000000E0	-1,740226382E1	3,560524824E0
6,710000000E0	-1,560235554E1	3,113400584E0
6,720000000E0	-1,377995601E1	2,727670820E0
6,730000000E0	-1,194050108E1	2,376799026E0
6,740000000E0	-1,008631551E1	2,103356092E0
6,750000000E0	-8,302399543E0	1,865102988E0
6,760000000E0	-6,331707324E0	1,642687259E0
6,770000000E0	-4,456037092E0	1,454318708E0
6,780000000E0	-2,576589962E0	1,295552323E0
6,790000000E0	-6,865329526E-1	1,187208499E0
6,800000000E0	1,208318522E0	1,128965704E0
6,810000000E0	3,106482733E0	1,135179850E0
6,820000000E0	5,004967971E0	1,180737603E0
6,830000000E0	6,954009164E0	1,279828114E0
6,840000000E0	8,828165019E0	1,408792304E0
6,850000000E0	1,072029932E1	1,700007482E0
6,860000000E0	1,254940971E1	1,864393529E0
6,870000000E0	1,439672387E1	2,067760142E0
6,880000000E0	1,620741906E1	2,364036470E0
6,890000000E0	1,799977163E1	2,708381138E0
6,900000000E0	1,978147828E1	3,107079196E0
6,910000000E0	2,152584182E1	3,575628576E0
6,920000000E0	2,321248025E1	4,099070099E0
6,930000000E0	2,488334003E1	4,641473708E0
6,940000000E0	2,654435877E1	5,332517290E0
6,950000000E0	2,802659586E1	5,871807168E0
6,960000000E0	2,959226956E1	6,556123648E0
6,970000000E0	3,104868426E1	7,246330116E0
6,980000000E0	3,246425698E1	7,977615625E0
6,990000000E0	3,381975062E1	8,777461690E0
7,000000000E0	3,511956943E1	9,580769999E0
7,010000000E0	3,640792695E1	1,038930851E1
7,020000000E0	3,761885876E1	1,121349177E1
7,030000000E0	3,874739735E1	1,206851808E1
7,040000000E0	3,980623959E1	1,292867978E1
7,050000000E0	4,085156404E1	1,379268836E1
7,060000000E0	4,184640117E1	1,464770487E1
7,070000000E0	4,279344208E1	1,549559529E1
7,080000000E0	4,366091933E1	1,633941672E1
7,090000000E0	4,450361671E1	1,718260621E1
7,100000000E0	4,524446291E1	1,793645065E1
7,110000000E0	4,594393019E1	1,865810659E1
7,120000000E0	4,656493497E1	1,954975789E1
7,130000000E0	4,727338842E1	2,019574564E1
7,140000000E0	4,787187563E1	2,081042847E1
7,150000000E0	4,843499515E1	2,144246457E1
7,160000000E0	4,894077269E1	2,204471143E1
7,170000000E0	4,942083886E1	2,261321700E1
7,180000000E0	4,984650982E1	2,317580533E1
7,190000000E0	5,024289021E1	2,366826452E1
7,200000000E0	5,061909972E1	2,413838180E1
7,210000000E0	5,095876280E1	2,455854771E1
7,220000000E0	5,123799511E1	2,493422788E1
7,230000000E0	5,148399667E1	2,526042806E1
7,240000000E0	5,171674956E1	2,553396224E1
7,250000000E0	5,185913423E1	2,581056285E1
7,260000000E0	5,197936635E1	2,604659683E1
7,270000000E0	5,208518199E1	2,620789675E1
7,280000000E0	5,217884323E1	2,629892642E1
