mass_A
t	x	y
0,000000000E0	-6,117961821E1	5,029116624E1
1,000000000E-2	-6,118144935E1	5,029110798E1
2,000000000E-2	-6,117406165E1	5,026903445E1
3,000000000E-2	-6,110842851E1	5,017181149E1
4,000000000E-2	-6,105809897E1	5,004654361E1
5,000000000E-2	-6,093189032E1	4,985562054E1
6,000000000E-2	-6,084354445E1	4,958309438E1
7,000000000E-2	-6,067208883E1	4,926308470E1
8,000000000E-2	-6,050888682E1	4,886748815E1
9,000000000E-2	-6,032425843E1	4,847703206E1
1,000000000E-1	-6,007953168E1	4,800557139E1
1,100000000E-1	-5,983166577E1	4,744369892E1
1,200000000E-1	-5,957269481E1	4,680826851E1
1,300000000E-1	-5,923566232E1	4,616381245E1
1,400000000E-1	-5,889187962E1	4,545794008E1
1,500000000E-1	-5,855454925E1	4,468401372E1
1,600000000E-1	-5,818354032E1	4,382420135E1
1,700000000E-1	-5,777466690E1	4,294414002E1
1,800000000E-1	-5,732796744E1	4,200975382E1
1,900000000E-1	-5,684216372E1	4,102443337E1
2,000000000E-1	-5,634763486E1	3,996468026E1
2,100000000E-1	-5,578321441E1	3,888493535E1
2,200000000E-1	-5,517482593E1	3,776165056E1
2,300000000E-1	-5,455109731E1	3,656435475E1
2,400000000E-1	-5,387314155E1	3,534729611E1
2,500000000E-1	-5,317432068E1	3,406442437E1
2,600000000E-1	-5,239902664E1	3,269718015E1
2,700000000E-1	-5,158814801E1	3,137984808E1
2,800000000E-1	-5,072203402E1	2,994787052E1
2,900000000E-1	-4,981508608E1	2,851599494E1
3,000000000E-1	-4,884216124E1	2,708655783E1
3,100000000E-1	-4,779185263E1	2,560587617E1
3,200000000E-1	-4,668796453E1	2,414025072E1
3,300000000E-1	-4,551015621E1	2,263989686E1
3,400000000E-1	-4,413359849E1	2,119785169E1
3,500000000E-1	-4,282401487E1	1,962428455E1
3,600000000E-1	-4,145564762E1	1,812825213E1
3,700000000E-1	-3,996573288E1	1,659129864E1
3,800000000E-1	-3,841871115E1	1,510540963E1
3,900000000E-1	-3,676550772E1	1,365188894E1
4,000000000E-1	-3,503876788E1	1,222149168E1
4,100000000E-1	-3,322195205E1	1,086628511E1
4,200000000E-1	-3,129546641E1	9,560376733E0
4,300000000E-1	-2,929649075E1	8,319140846E0
4,400000000E-1	-2,716901313E1	7,188913741E0
4,500000000E-1	-2,486767331E1	6,134020801E0
4,600000000E-1	-2,273450906E1	5,287638702E0
4,700000000E-1	-2,044054536E1	4,443118759E0
4,800000000E-1	-1,813868732E1	3,659165437E0
4,900000000E-1	-1,573227593E1	3,069221041E0
5,000000000E-1	-1,328685879E1	2,562985580E0
5,100000000E-1	-1,084471868E1	2,129656115E0
5,200000000E-1	-8,492293856E0	1,804212030E0
5,300000000E-1	-5,887400581E0	1,516935775E0
5,400000000E-1	-3,421704551E0	1,295391757E0
5,500000000E-1	-9,340326235E-1	1,118787636E0
5,600000000E-1	1,560375354E0	1,056585618E0
5,700000000E-1	4,053417485E0	1,085242153E0
5,800000000E-1	6,561541285E0	1,161653484E0
5,900000000E-1	8,959728770E0	1,363456000E0
6,000000000E-1	1,152444531E1	1,610028552E0
6,100000000E-1	1,389666126E1	1,925208401E0
6,200000000E-1	1,632283612E1	2,352311680E0
6,300000000E-1	1,871118753E1	2,826291908E0
6,400000000E-1	2,102995393E1	3,435876227E0
6,500000000E-1	2,330361291E1	4,133561018E0
6,600000000E-1	2,553457460E1	4,930072026E0
6,700000000E-1	2,761400104E1	5,682871461E0
6,800000000E-1	2,976299106E1	6,734442772E0
6,900000000E-1	3,176766957E1	7,718617149E0
7,000000000E-1	3,367540990E1	8,875757957E0
7,100000000E-1	3,556163561E1	1,000980744E1
7,200000000E-1	3,729693606E1	1,125697350E1
7,300000000E-1	3,899140023E1	1,253108791E1
7,400000000E-1	4,061082544E1	1,381198281E1
7,500000000E-1	4,214085500E1	1,518615191E1
7,600000000E-1	4,360996556E1	1,648668745E1
7,700000000E-1	4,498286987E1	1,783108215E1
7,800000000E-1	4,625115079E1	1,921319754E1
7,900000000E-1	4,750268757E1	2,054388903E1
8,000000000E-1	4,869444134E1	2,191811064E1
8,100000000E-1	4,979250113E1	2,327305096E1
8,200000000E-1	5,085804808E1	2,460401207E1
8,300000000E-1	5,184387906E1	2,592065620E1
8,400000000E-1	5,280404913E1	2,719168585E1
8,500000000E-1	5,371526140E1	2,841772035E1
8,600000000E-1	5,454247812E1	2,964719886E1
8,700000000E-1	5,531354298E1	3,080209509E1
8,800000000E-1	5,603178328E1	3,196640522E1
8,900000000E-1	5,669753430E1	3,308242869E1
9,000000000E-1	5,731492226E1	3,415898194E1
9,100000000E-1	5,788220032E1	3,516665403E1
9,200000000E-1	5,844657248E1	3,610888226E1
9,300000000E-1	5,894561481E1	3,704707858E1
9,400000000E-1	5,941680297E1	3,792977458E1
9,500000000E-1	5,986298481E1	3,874647289E1
9,600000000E-1	6,027994245E1	3,952476678E1
9,700000000E-1	6,066016951E1	4,025690928E1
9,800000000E-1	6,100329428E1	4,092303003E1
9,900000000E-1	6,132194226E1	4,153878014E1
1,000000000E0	6,162056961E1	4,208368783E1
1,010000000E0	6,186177971E1	4,259174076E1
1,020000000E0	6,208196238E1	4,305913016E1
1,030000000E0	6,229739834E1	4,344951616E1
1,040000000E0	6,247134945E1	4,377859811E1
1,050000000E0	6,260742090E1	4,404397827E1
1,060000000E0	6,271566031E1	4,427113934E1
1,070000000E0	6,278925881E1	4,444188199E1
1,080000000E0	6,285697569E1	4,453524210E1
1,090000000E0	6,292256298E1	4,460753432E1
1,100000000E0	6,292419491E1	4,462716276E1
1,110000000E0	6,292406107E1	4,460810925E1
1,120000000E0	6,286435179E1	4,451082429E1
1,130000000E0	6,274465134E1	4,430305635E1
1,140000000E0	6,265123142E1	4,404892858E1
1,150000000E0	6,252099260E1	4,379677491E1
1,160000000E0	6,231238316E1	4,343807480E1
1,170000000E0	6,210370667E1	4,305772694E1
1,180000000E0	6,186871803E1	4,259529193E1
1,190000000E0	6,160623668E1	4,210364460E1
1,200000000E0	6,132588911E1	4,153679632E1
1,210000000E0	6,099736192E1	4,091419202E1
1,220000000E0	6,064026811E1	4,025486779E1
1,230000000E0	6,027217013E1	3,954228883E1
1,240000000E0	5,987230913E1	3,874624505E1
1,250000000E0	5,942059993E1	3,790604854E1
1,260000000E0	5,895154857E1	3,703080258E1
1,270000000E0	5,844922412E1	3,609515753E1
1,280000000E0	5,787072780E1	3,512109668E1
1,290000000E0	5,727153811E1	3,409972035E1
1,300000000E0	5,665142221E1	3,299587748E1
1,310000000E0	5,595893095E1	3,186783472E1
1,320000000E0	5,524470863E1	3,069451107E1
1,330000000E0	5,447356039E1	2,948824532E1
1,340000000E0	5,363027126E1	2,826992886E1
1,350000000E0	5,271961712E1	2,703599550E1
1,360000000E0	5,175713846E1	2,573162755E1
1,370000000E0	5,075550480E1	2,441545567E1
1,380000000E0	4,967475068E1	2,308380674E1
1,390000000E0	4,856135700E1	2,170005451E1
1,400000000E0	4,736104516E1	2,030522990E1
1,410000000E0	4,610405666E1	1,893839146E1
1,420000000E0	4,477011971E1	1,760510970E1
1,430000000E0	4,339487699E1	1,621762944E1
1,440000000E0	4,190608702E1	1,489672648E1
1,450000000E0	4,032939941E1	1,356203353E1
1,460000000E0	3,871028629E1	1,223400779E1
1,470000000E0	3,701329418E1	1,096490935E1
1,480000000E0	3,524590557E1	9,775231377E0
1,490000000E0	3,343192229E1	8,634982439E0
1,500000000E0	3,152082898E1	7,520016265E0
1,510000000E0	2,952814711E1	6,501674431E0
1,520000000E0	2,737407841E1	5,497830289E0
1,530000000E0	2,538173351E1	4,735103115E0
1,540000000E0	2,319174326E1	3,949288134E0
1,550000000E0	2,097658294E1	3,264946386E0
1,560000000E0	1,869498603E1	2,701214336E0
1,570000000E0	1,639716286E1	2,211410604E0
1,580000000E0	1,405300059E1	1,843891302E0
1,590000000E0	1,170717398E1	1,542826206E0
1,600000000E0	9,217753833E0	1,262800970E0
1,610000000E0	7,022305164E0	1,100044728E0
1,620000000E0	4,542729194E0	9,643620221E-1
1,630000000E0	2,143581608E0	9,213617419E-1
1,640000000E0	-2,583088034E-1	9,737585424E-1
1,650000000E0	-2,647056291E0	1,074154883E0
1,660000000E0	-4,969940132E0	1,283663943E0
1,670000000E0	-7,193516992E0	1,539624740E0
1,680000000E0	-9,593488956E0	1,830474330E0
1,690000000E0	-1,192347178E1	2,174305182E0
1,700000000E0	-1,423795411E1	2,595597477E0
1,710000000E0	-1,651382790E1	3,147136875E0
1,720000000E0	-1,873382965E1	3,743791213E0
1,730000000E0	-2,088044863E1	4,447379869E0
1,740000000E0	-2,299209067E1	5,247531510E0
1,750000000E0	-2,494846388E1	6,048681913E0
1,760000000E0	-2,701351167E1	7,072989193E0
1,770000000E0	-2,891885655E1	8,077645212E0
1,780000000E0	-3,074308199E1	9,244513965E0
1,790000000E0	-3,245685684E1	1,042027807E1
1,800000000E0	-3,409983367E1	1,162111900E1
1,810000000E0	-3,566560894E1	1,286221539E1
1,820000000E0	-3,712801993E1	1,408575903E1
1,830000000E0	-3,853367956E1	1,527652472E1
1,840000000E0	-3,988023189E1	1,658085321E1
1,850000000E0	-4,119371823E1	1,786274502E1
1,860000000E0	-4,247899877E1	1,912592048E1
1,870000000E0	-4,360885550E1	2,051415165E1
1,880000000E0	-4,481259613E1	2,170150201E1
1,890000000E0	-4,587882902E1	2,296631961E1
1,900000000E0	-4,688102899E1	2,425636802E1
1,910000000E0	-4,784096214E1	2,547324967E1
1,920000000E0	-4,876392057E1	2,667357589E1
1,930000000E0	-4,962091802E1	2,784409706E1
1,940000000E0	-5,043743998E1	2,898243845E1
1,950000000E0	-5,114763242E1	3,008736791E1
1,960000000E0	-5,181810163E1	3,114209999E1
1,970000000E0	-5,248964253E1	3,212357367E1
1,980000000E0	-5,308465166E1	3,309838511E1
1,990000000E0	-5,361451015E1	3,404363971E1
2,000000000E0	-5,412556605E1	3,490748577E1
2,010000000E0	-5,457150493E1	3,572286477E1
2,020000000E0	-5,500068609E1	3,649182300E1
2,030000000E0	-5,540422995E1	3,721664190E1
2,040000000E0	-5,575052374E1	3,788891050E1
2,050000000E0	-5,610542389E1	3,848571496E1
2,060000000E0	-5,636721768E1	3,904171930E1
2,070000000E0	-5,660987499E1	3,956644671E1
2,080000000E0	-5,684669641E1	3,998587157E1
2,090000000E0	-5,704705782E1	4,035103970E1
2,100000000E0	-5,720761603E1	4,066596868E1
2,110000000E0	-5,733762067E1	4,098833328E1
2,120000000E0	-5,743782789E1	4,126193443E1
2,130000000E0	-5,750972590E1	4,148338646E1
2,140000000E0	-5,756747851E1	4,162504580E1
2,150000000E0	-5,758993742E1	4,173744261E1
2,160000000E0	-5,757727308E1	4,175581355E1
2,170000000E0	-5,755710611E1	4,175707673E1
2,180000000E0	-5,753027433E1	4,172973284E1
2,190000000E0	-5,743769603E1	4,161386496E1
2,200000000E0	-5,731678978E1	4,143502675E1
2,210000000E0	-5,717550738E1	4,119035672E1
2,220000000E0	-5,700472272E1	4,090824482E1
2,230000000E0	-5,682189788E1	4,056113514E1
2,240000000E0	-5,659580298E1	4,019952888E1
2,250000000E0	-5,635331990E1	3,980991732E1
2,260000000E0	-5,610544351E1	3,933681629E1
2,270000000E0	-5,582787159E1	3,879287212E1
2,280000000E0	-5,552811538E1	3,821452052E1
2,290000000E0	-5,519946514E1	3,756798734E1
2,300000000E0	-5,486806697E1	3,684674588E1
2,310000000E0	-5,449040694E1	3,609819836E1
2,320000000E0	-5,406412215E1	3,531947308E1
2,330000000E0	-5,359461773E1	3,450477472E1
2,340000000E0	-5,312031705E1	3,358305989E1
2,350000000E0	-5,260544851E1	3,259350317E1
2,360000000E0	-5,202932324E1	3,164482713E1
2,370000000E0	-5,140910385E1	3,059989967E1
2,380000000E0	-5,075727178E1	2,949766529E1
2,390000000E0	-5,003338374E1	2,840033097E1
2,400000000E0	-4,925761642E1	2,726815301E1
2,410000000E0	-4,843305355E1	2,608676173E1
2,420000000E0	-4,757780041E1	2,487164250E1
2,430000000E0	-4,665542602E1	2,363033570E1
2,440000000E0	-4,565180070E1	2,236688532E1
2,450000000E0	-4,459705610E1	2,114156989E1
2,460000000E0	-4,338007840E1	1,990004278E1
2,470000000E0	-4,228414845E1	1,861857033E1
2,480000000E0	-4,107413858E1	1,731047372E1
2,490000000E0	-3,975782723E1	1,600406349E1
2,500000000E0	-3,832971456E1	1,473129751E1
2,510000000E0	-3,686128745E1	1,346920085E1
2,520000000E0	-3,529244050E1	1,223249324E1
2,530000000E0	-3,364495986E1	1,104278144E1
2,540000000E0	-3,193747130E1	9,890078312E0
2,550000000E0	-3,015373410E1	8,783002229E0
2,560000000E0	-2,828378232E1	7,680173588E0
2,570000000E0	-2,635982928E1	6,770814642E0
2,580000000E0	-2,433535715E1	5,767547791E0
2,590000000E0	-2,231286725E1	4,974564834E0
2,600000000E0	-2,024690492E1	4,233074356E0
2,610000000E0	-1,819248483E1	3,631886793E0
2,620000000E0	-1,606131405E1	3,042504914E0
2,630000000E0	-1,392086746E1	2,528256835E0
2,640000000E0	-1,171716896E1	2,115174267E0
2,650000000E0	-9,496371814E0	1,776867429E0
2,660000000E0	-7,174354472E0	1,532744892E0
2,670000000E0	-4,982744289E0	1,252682301E0
2,680000000E0	-2,716722739E0	1,062645073E0
2,690000000E0	-4,412361009E-1	9,389386897E-1
2,700000000E0	1,854866792E0	8,672533732E-1
2,710000000E0	4,138517811E0	8,680012514E-1
2,720000000E0	6,422166603E0	9,376305006E-1
2,730000000E0	8,730915195E0	1,067169620E0
2,740000000E0	1,104772383E1	1,487475330E0
2,750000000E0	1,314819486E1	1,540309790E0
2,760000000E0	1,528857137E1	1,832496601E0
2,770000000E0	1,741725970E1	2,248549509E0
2,780000000E0	1,956762640E1	2,724732153E0
2,790000000E0	2,165037731E1	3,302942687E0
2,800000000E0	2,368073472E1	3,959055797E0
2,810000000E0	2,570117712E1	4,672905571E0
2,820000000E0	2,754867855E1	5,401070967E0
2,830000000E0	2,947112087E1	6,347950703E0
2,840000000E0	3,126771933E1	7,243420455E0
2,850000000E0	3,303840418E1	8,217604037E0
2,860000000E0	3,469389907E1	9,244740544E0
2,870000000E0	3,629975004E1	1,031754380E1
2,880000000E0	3,781658800E1	1,141910922E1
2,890000000E0	3,920370650E1	1,251814821E1
2,900000000E0	4,054190202E1	1,367955750E1
2,910000000E0	4,186710071E1	1,477482231E1
2,920000000E0	4,314610286E1	1,587780870E1
2,930000000E0	4,436581058E1	1,699999929E1
2,940000000E0	4,549966156E1	1,814128950E1
2,950000000E0	4,654177204E1	1,935010477E1
2,960000000E0	4,763500488E1	2,041576085E1
2,970000000E0	4,863129986E1	2,153353179E1
2,980000000E0	4,956679041E1	2,262326729E1
2,990000000E0	5,047814765E1	2,369624109E1
3,000000000E0	5,132089476E1	2,472472493E1
3,010000000E0	5,209653621E1	2,573972949E1
3,020000000E0	5,284256229E1	2,671315248E1
3,030000000E0	5,354110022E1	2,764251138E1
3,040000000E0	5,416169187E1	2,851877197E1
3,050000000E0	5,471850057E1	2,935701880E1
3,060000000E0	5,523528972E1	3,016994985E1
3,070000000E0	5,569012534E1	3,092329470E1
3,080000000E0	5,614425737E1	3,163161332E1
3,090000000E0	5,653492138E1	3,225911160E1
3,100000000E0	5,690153003E1	3,284687491E1
3,110000000E0	5,723596212E1	3,341384255E1
3,120000000E0	5,753485559E1	3,392092344E1
3,130000000E0	5,775948979E1	3,440464322E1
3,140000000E0	5,798361861E1	3,485267262E1
3,150000000E0	5,814838702E1	3,523953074E1
3,160000000E0	5,830281372E1	3,559998464E1
3,170000000E0	5,840578202E1	3,587291769E1
3,180000000E0	5,850291110E1	3,609097354E1
3,190000000E0	5,856728530E1	3,624644516E1
3,200000000E0	5,861308866E1	3,634325975E1
3,210000000E0	5,866193849E1	3,643995582E1
3,220000000E0	5,864376300E1	3,645394389E1
3,230000000E0	5,860596521E1	3,644057422E1
3,240000000E0	5,852802536E1	3,634832682E1
3,250000000E0	5,844352406E1	3,621190724E1
3,260000000E0	5,832588382E1	3,605137388E1
3,270000000E0	5,815845604E1	3,583544338E1
3,280000000E0	5,797563006E1	3,554276123E1
3,290000000E0	5,777478668E1	3,520091425E1
3,300000000E0	5,757527361E1	3,483861176E1
3,310000000E0	5,735110802E1	3,439505558E1
3,320000000E0	5,710790084E1	3,389439195E1
3,330000000E0	5,683454119E1	3,332640841E1
3,340000000E0	5,652448058E1	3,272683816E1
3,350000000E0	5,617255967E1	3,208131279E1
3,360000000E0	5,578140950E1	3,140182903E1
3,370000000E0	5,533101893E1	3,066134554E1
3,380000000E0	5,484408428E1	2,984927335E1
3,390000000E0	5,434106555E1	2,901770918E1
3,400000000E0	5,376399077E1	2,814538756E1
3,410000000E0	5,314406619E1	2,725192700E1
3,420000000E0	5,248779438E1	2,631488329E1
3,430000000E0	5,176114734E1	2,532668052E1
3,440000000E0	5,099818642E1	2,430216226E1
3,450000000E0	5,018526467E1	2,324798855E1
3,460000000E0	4,932345601E1	2,216307288E1
3,470000000E0	4,838352294E1	2,104969298E1
3,480000000E0	4,739743435E1	1,994228429E1
3,490000000E0	4,632460600E1	1,876564948E1
3,500000000E0	4,532019590E1	1,762138528E1
3,510000000E0	4,419973370E1	1,650776875E1
3,520000000E0	4,298620331E1	1,534390746E1
3,530000000E0	4,169699878E1	1,420348340E1
3,540000000E0	4,031162274E1	1,307074253E1
3,550000000E0	3,886750436E1	1,192652046E1
3,560000000E0	3,737277740E1	1,080996151E1
3,570000000E0	3,579608302E1	9,744639710E0
3,580000000E0	3,414571687E1	8,736851350E0
3,590000000E0	3,242676158E1	7,753262109E0
3,600000000E0	3,065471405E1	6,841996622E0
3,610000000E0	2,880097353E1	6,129194862E0
3,620000000E0	2,694437077E1	5,180841862E0
3,630000000E0	2,501398991E1	4,435788680E0
3,640000000E0	2,302082118E1	3,792400922E0
3,650000000E0	2,101645992E1	3,225961749E0
3,660000000E0	1,897854403E1	2,740569830E0
3,670000000E0	1,695456560E1	2,304445266E0
3,680000000E0	1,489094551E1	1,916304528E0
3,690000000E0	1,280431210E1	1,637021097E0
3,700000000E0	1,068127188E1	1,589432416E0
3,710000000E0	8,558748487E0	1,177015535E0
3,720000000E0	6,343376488E0	1,030775289E0
3,730000000E0	4,180433392E0	9,679473185E-1
3,740000000E0	2,010427360E0	9,156415532E-1
3,750000000E0	-1,448212960E-1	9,731692076E-1
3,760000000E0	-2,286208881E0	1,066697919E0
3,770000000E0	-4,454088388E0	1,205446758E0
3,780000000E0	-6,549427652E0	1,417317111E0
3,790000000E0	-8,752782785E0	1,694786739E0
3,800000000E0	-1,082482334E1	1,950947092E0
3,810000000E0	-1,291424889E1	2,284651188E0
3,820000000E0	-1,497193703E1	2,684300758E0
3,830000000E0	-1,703229405E1	3,158325890E0
3,840000000E0	-1,905831887E1	3,713105314E0
3,850000000E0	-2,097258274E1	4,307395005E0
3,860000000E0	-2,284057329E1	4,995559700E0
3,870000000E0	-2,460017590E1	5,740401951E0
3,880000000E0	-2,642340008E1	6,710221128E0
3,890000000E0	-2,815710180E1	7,529647438E0
3,900000000E0	-2,982793542E1	8,481249250E0
3,910000000E0	-3,141625046E1	9,493583126E0
3,920000000E0	-3,291657557E1	1,054580730E1
3,930000000E0	-3,433800652E1	1,161962401E1
3,940000000E0	-3,568219366E1	1,271947648E1
3,950000000E0	-3,698515002E1	1,380479769E1
3,960000000E0	-3,821765492E1	1,492118599E1
3,970000000E0	-3,938583358E1	1,599811617E1
3,980000000E0	-4,048856397E1	1,708727082E1
3,990000000E0	-4,153274493E1	1,816831216E1
4,000000000E0	-4,251463078E1	1,920313289E1
4,010000000E0	-4,341414359E1	2,032338884E1
4,020000000E0	-4,437040699E1	2,130100732E1
4,030000000E0	-4,514216253E1	2,230846084E1
4,040000000E0	-4,595480677E1	2,333523476E1
4,050000000E0	-4,669737159E1	2,430424098E1
4,060000000E0	-4,734598931E1	2,522779380E1
4,070000000E0	-4,798034848E1	2,607429758E1
4,080000000E0	-4,854936294E1	2,690548931E1
4,090000000E0	-4,913823261E1	2,768485410E1
4,100000000E0	-4,965013532E1	2,846653816E1
4,110000000E0	-5,013976419E1	2,920376761E1
4,120000000E0	-5,059391502E1	2,984728425E1
4,130000000E0	-5,099981955E1	3,052371240E1
4,140000000E0	-5,134279035E1	3,112843515E1
4,150000000E0	-5,170168204E1	3,165681633E1
4,160000000E0	-5,203719119E1	3,213128375E1
4,170000000E0	-5,230684966E1	3,258228899E1
4,180000000E0	-5,253895974E1	3,298020505E1
4,190000000E0	-5,278263854E1	3,333208965E1
4,200000000E0	-5,292751160E1	3,366898610E1
4,210000000E0	-5,310082090E1	3,390695640E1
4,220000000E0	-5,320527325E1	3,411445392E1
4,230000000E0	-5,335115436E1	3,427688528E1
4,240000000E0	-5,339781618E1	3,439777127E1
4,250000000E0	-5,348022453E1	3,441043353E1
4,260000000E0	-5,349680713E1	3,441299405E1
4,270000000E0	-5,347872516E1	3,439113320E1
4,280000000E0	-5,346615970E1	3,427862029E1
4,290000000E0	-5,335875234E1	3,415565769E1
4,300000000E0	-5,325139136E1	3,393441435E1
4,310000000E0	-5,311101698E1	3,367719630E1
4,320000000E0	-5,297364847E1	3,334440676E1
4,330000000E0	-5,275261927E1	3,299656934E1
4,340000000E0	-5,249029558E1	3,257117282E1
4,350000000E0	-5,224944971E1	3,211136812E1
4,360000000E0	-5,190489140E1	3,162254888E1
4,370000000E0	-5,156804671E1	3,104056899E1
4,380000000E0	-5,118034391E1	3,043473200E1
4,390000000E0	-5,076939068E1	2,972919156E1
4,400000000E0	-5,028025634E1	2,912132128E1
4,410000000E0	-4,975382383E1	2,838545760E1
4,420000000E0	-4,916150916E1	2,764047111E1
4,430000000E0	-4,859263998E1	2,681928560E1
4,440000000E0	-4,794467897E1	2,596971721E1
4,450000000E0	-4,732354993E1	2,505163165E1
4,460000000E0	-4,657979134E1	2,414300310E1
4,470000000E0	-4,579178525E1	2,317087228E1
4,480000000E0	-4,494907588E1	2,216204131E1
4,490000000E0	-4,404242940E1	2,113166008E1
4,500000000E0	-4,317685458E1	2,012709198E1
4,510000000E0	-4,216981485E1	1,909669303E1
4,520000000E0	-4,118981296E1	1,803177163E1
4,530000000E0	-4,010238385E1	1,694450493E1
4,540000000E0	-3,897737920E1	1,583026857E1
4,550000000E0	-3,781088178E1	1,476327062E1
4,560000000E0	-3,653718083E1	1,368598740E1
4,570000000E0	-3,521402898E1	1,260978347E1
4,580000000E0	-3,384688383E1	1,152849246E1
4,590000000E0	-3,241648683E1	1,049229788E1
4,600000000E0	-3,093078992E1	9,474600798E0
4,610000000E0	-2,936535663E1	8,477052165E0
4,620000000E0	-2,772505585E1	7,563344245E0
4,630000000E0	-2,598943694E1	6,779018116E0
4,640000000E0	-2,422045429E1	5,869161049E0
4,650000000E0	-2,244620708E1	5,159545239E0
4,660000000E0	-2,060446179E1	4,463654003E0
4,670000000E0	-1,873160204E1	3,854729040E0
4,680000000E0	-1,677546696E1	3,320140041E0
4,690000000E0	-1,481706430E1	2,845288952E0
4,700000000E0	-1,280680514E1	2,455304537E0
4,710000000E0	-1,079867757E1	2,125978491E0
4,720000000E0	-8,791855563E0	1,823988699E0
4,730000000E0	-6,679492946E0	1,570171515E0
4,740000000E0	-4,659066598E0	1,355338660E0
4,750000000E0	-2,592405552E0	1,181454091E0
4,760000000E0	-5,266806902E-1	1,056705329E0
4,770000000E0	1,535027758E0	1,019954526E0
4,780000000E0	3,586198593E0	1,039845998E0
4,790000000E0	5,647833620E0	1,090874715E0
4,800000000E0	7,733973497E0	1,193408908E0
4,810000000E0	9,614276866E0	1,312424527E0
4,820000000E0	1,177816405E1	1,553014409E0
4,830000000E0	1,379208864E1	1,813093903E0
4,840000000E0	1,576095390E1	2,132221992E0
4,850000000E0	1,774829444E1	2,504222204E0
4,860000000E0	1,968454631E1	2,927118153E0
4,870000000E0	2,158033876E1	3,437151645E0
4,880000000E0	2,344432856E1	4,006649901E0
4,890000000E0	2,525880821E1	4,640170562E0
4,900000000E0	2,699711699E1	5,287096256E0
4,910000000E0	2,873465861E1	6,189042776E0
4,920000000E0	3,039564501E1	6,880315604E0
4,930000000E0	3,197873802E1	7,697438617E0
4,940000000E0	3,353378265E1	8,583428836E0
4,950000000E0	3,500017246E1	9,481066935E0
4,960000000E0	3,642185625E1	1,042124515E1
4,970000000E0	3,775034214E1	1,140368702E1
4,980000000E0	3,904936482E1	1,237753046E1
4,990000000E0	4,025222293E1	1,334799816E1
5,000000000E0	4,140330130E1	1,431858624E1
5,010000000E0	4,251184186E1	1,528837302E1
5,020000000E0	4,358886628E1	1,625929574E1
5,030000000E0	4,459452912E1	1,720673143E1
5,040000000E0	4,553963210E1	1,816920245E1
5,050000000E0	4,642199092E1	1,909326447E1
5,060000000E0	4,727483870E1	2,006048578E1
5,070000000E0	4,808811569E1	2,092185065E1
5,080000000E0	4,882540636E1	2,179761389E1
5,090000000E0	4,955702940E1	2,262402463E1
5,100000000E0	5,018958658E1	2,342974989E1
5,110000000E0	5,082648819E1	2,419569398E1
5,120000000E0	5,140584205E1	2,492132521E1
5,130000000E0	5,194706239E1	2,561843233E1
5,140000000E0	5,243868993E1	2,627863244E1
5,150000000E0	5,290733445E1	2,687080653E1
5,160000000E0	5,331871951E1	2,743051304E1
5,170000000E0	5,372522689E1	2,798643470E1
5,180000000E0	5,406656849E1	2,847628483E1
5,190000000E0	5,437860474E1	2,891508982E1
5,200000000E0	5,464376693E1	2,927188945E1
5,210000000E0	5,485801433E1	2,961888628E1
5,220000000E0	5,508808419E1	2,994283061E1
5,230000000E0	5,525692829E1	3,018266130E1
5,240000000E0	5,542140858E1	3,040949441E1
5,250000000E0	5,550546888E1	3,054431050E1
5,260000000E0	5,556944261E1	3,066340594E1
5,270000000E0	5,560653172E1	3,069243261E1
5,280000000E0	5,561845174E1	3,070086259E1
5,290000000E0	5,559256134E1	3,067398564E1
5,300000000E0	5,555939259E1	3,058552617E1
5,310000000E0	5,546351277E1	3,043391025E1
5,320000000E0	5,534999513E1	3,022841877E1
5,330000000E0	5,520122512E1	2,998750831E1
5,340000000E0	5,502122492E1	2,969767465E1
5,350000000E0	5,478787092E1	2,934536053E1
5,360000000E0	5,453059330E1	2,897456841E1
5,370000000E0	5,424359289E1	2,851855523E1
5,380000000E0	5,389693244E1	2,803505392E1
5,390000000E0	5,354240935E1	2,753398663E1
5,400000000E0	5,313972232E1	2,695320145E1
5,410000000E0	5,269445555E1	2,634405909E1
5,420000000E0	5,219828253E1	2,571168792E1
5,430000000E0	5,168991815E1	2,501838204E1
5,440000000E0	5,111339102E1	2,428830537E1
5,450000000E0	5,050535717E1	2,352917228E1
5,460000000E0	4,983061017E1	2,271979965E1
5,470000000E0	4,913843424E1	2,187701203E1
5,480000000E0	4,837588771E1	2,102263005E1
5,490000000E0	4,758028611E1	2,012387783E1
5,500000000E0	4,664663975E1	1,934049973E1
5,510000000E0	4,583773773E1	1,825909555E1
5,520000000E0	4,493057908E1	1,730061000E1
5,530000000E0	4,392268108E1	1,633715420E1
5,540000000E0	4,285154447E1	1,534508210E1
5,550000000E0	4,171519260E1	1,437577855E1
5,560000000E0	4,045646603E1	1,338731550E1
5,570000000E0	3,936136266E1	1,239097128E1
5,580000000E0	3,817278261E1	1,149710433E1
5,590000000E0	3,663371581E1	1,039198752E1
5,600000000E0	3,511042744E1	9,545858348E0
5,610000000E0	3,375639132E1	8,634421772E0
5,620000000E0	3,233830622E1	7,735846795E0
5,630000000E0	3,068072375E1	6,900702390E0
5,640000000E0	2,884540890E1	6,271138704E0
5,650000000E0	2,724186345E1	5,375276177E0
5,660000000E0	2,567604057E1	4,702262256E0
5,670000000E0	2,381214951E1	4,059194684E0
5,680000000E0	2,198897560E1	3,512874428E0
5,690000000E0	2,032669234E1	2,928036484E0
5,700000000E0	1,848078461E1	2,544862148E0
5,710000000E0	1,648545773E1	2,133260319E0
5,720000000E0	1,453454759E1	1,773107055E0
5,730000000E0	1,271058427E1	1,469744401E0
5,740000000E0	1,074894666E1	1,487306533E0
5,750000000E0	8,625316079E0	1,070563023E0
5,760000000E0	6,711195863E0	9,576114872E-1
5,770000000E0	4,756974230E0	9,351972741E-1
5,780000000E0	2,610551740E0	8,660579582E-1
5,790000000E0	5,972644479E-1	8,347049867E-1
5,800000000E0	-1,320816681E0	9,233599642E-1
5,810000000E0	-3,294753990E0	1,048784451E0
5,820000000E0	-5,220720480E0	1,196866170E0
5,830000000E0	-7,047466716E0	1,454228064E0
5,840000000E0	-9,061358285E0	1,654773197E0
5,850000000E0	-1,106549166E1	1,901817002E0
5,860000000E0	-1,303416940E1	2,249395132E0
5,870000000E0	-1,490849811E1	2,630593907E0
5,880000000E0	-1,679293895E1	3,049082580E0
5,890000000E0	-1,868316954E1	3,512702787E0
5,900000000E0	-2,046383992E1	4,070387132E0
5,910000000E0	-2,221567207E1	4,689678627E0
5,920000000E0	-2,396628458E1	5,367037973E0
5,930000000E0	-2,551953875E1	6,399052604E0
5,940000000E0	-2,713198389E1	6,861089826E0
5,950000000E0	-2,868770414E1	7,683755506E0
5,960000000E0	-3,013152121E1	8,548061334E0
5,970000000E0	-3,156548884E1	9,473785188E0
5,980000000E0	-3,293653026E1	1,036503484E1
5,990000000E0	-3,424140936E1	1,129886917E1
6,000000000E0	-3,550815174E1	1,223950296E1
6,010000000E0	-3,666651013E1	1,321370757E1
6,020000000E0	-3,778819742E1	1,416030581E1
6,030000000E0	-3,881655307E1	1,512969683E1
6,040000000E0	-3,975035219E1	1,608922561E1
6,050000000E0	-4,070785649E1	1,703812936E1
6,060000000E0	-4,159129920E1	1,794254756E1
6,070000000E0	-4,237757112E1	1,882064930E1
6,080000000E0	-4,318832946E1	1,964521062E1
6,090000000E0	-4,386001125E1	2,063676055E1
6,100000000E0	-4,469211284E1	2,136019265E1
6,110000000E0	-4,531648015E1	2,213722668E1
6,120000000E0	-4,592835537E1	2,292029976E1
6,130000000E0	-4,650144019E1	2,365457550E1
6,140000000E0	-4,703407650E1	2,434265847E1
6,150000000E0	-4,746805373E1	2,500617665E1
6,160000000E0	-4,793879554E1	2,561301543E1
6,170000000E0	-4,830504273E1	2,619140308E1
6,180000000E0	-4,870046530E1	2,671993561E1
6,190000000E0	-4,904125888E1	2,719322327E1
6,200000000E0	-4,930471162E1	2,764471758E1
6,210000000E0	-4,959181044E1	2,801156136E1
6,220000000E0	-4,984821881E1	2,837095978E1
6,230000000E0	-5,009321265E1	2,864567251E1
6,240000000E0	-5,025709798E1	2,890351767E1
6,250000000E0	-5,037497718E1	2,911200733E1
6,260000000E0	-5,049518345E1	2,924781352E1
6,270000000E0	-5,058075028E1	2,935105481E1
6,280000000E0	-5,057808359E1	2,944531880E1
6,290000000E0	-5,061752635E1	2,947136142E1
6,300000000E0	-5,060055698E1	2,946344692E1
6,310000000E0	-5,059998597E1	2,935889526E1
6,320000000E0	-5,055011389E1	2,923166944E1
6,330000000E0	-5,041019572E1	2,907484546E1
6,340000000E0	-5,029887192E1	2,885465196E1
6,350000000E0	-5,012047400E1	2,861906782E1
6,360000000E0	-4,998489439E1	2,827872824E1
6,370000000E0	-4,974707764E1	2,791737478E1
6,380000000E0	-4,948899568E1	2,754179671E1
6,390000000E0	-4,917910000E1	2,708510142E1
6,400000000E0	-4,882151900E1	2,659162029E1
6,410000000E0	-4,840816636E1	2,608386172E1
6,420000000E0	-4,797290021E1	2,549742713E1
6,430000000E0	-4,750358329E1	2,488901544E1
6,440000000E0	-4,700026306E1	2,420644951E1
6,450000000E0	-4,640479261E1	2,353260841E1
6,460000000E0	-4,585418615E1	2,276023416E1
6,470000000E0	-4,520011726E1	2,200694336E1
6,480000000E0	-4,454771796E1	2,118231334E1
6,490000000E0	-4,373199629E1	2,050861650E1
6,500000000E0	-4,307881878E1	1,948175399E1
6,510000000E0	-4,226546831E1	1,864011115E1
6,520000000E0	-4,143315989E1	1,771979270E1
6,530000000E0	-4,050338045E1	1,682494310E1
6,540000000E0	-3,953884005E1	1,585975442E1
6,550000000E0	-3,852119026E1	1,489681120E1
6,560000000E0	-3,746595950E1	1,394767954E1
6,570000000E0	-3,635712430E1	1,298244982E1
6,580000000E0	-3,517074262E1	1,202600998E1
6,590000000E0	-3,393528018E1	1,106266162E1
6,600000000E0	-3,263624761E1	1,012216857E1
6,610000000E0	-3,126890211E1	9,235212560E0
6,620000000E0	-2,984850707E1	8,324226190E0
6,630000000E0	-2,833538942E1	7,451387069E0
6,640000000E0	-2,679343413E1	6,691768359E0
6,650000000E0	-2,508021971E1	5,925807999E0
6,660000000E0	-2,352484705E1	5,227946664E0
6,670000000E0	-2,182854621E1	4,579627706E0
6,680000000E0	-2,012569176E1	4,000107155E0
6,690000000E0	-1,836252475E1	3,477975937E0
6,700000000E0	-1,653657668E1	2,996116637E0
6,710000000E0	-1,471147818E1	2,598773547E0
6,720000000E0	-1,288089906E1	2,251599101E0
6,730000000E0	-1,099855571E1	1,924063730E0
6,740000000E0	-9,109675365E0	1,660535071E0
6,750000000E0	-7,161617449E0	1,523620004E0
6,760000000E0	-5,300964427E0	1,276910924E0
6,770000000E0	-3,403485499E0	1,110676508E0
6,780000000E0	-1,488432213E0	9,730585699E-1
6,790000000E0	4,041783550E-1	9,186871001E-1
6,800000000E0	2,336112416E0	9,045227987E-1
6,810000000E0	4,222827245E0	9,426830585E-1
6,820000000E0	6,104908600E0	1,034167494E0
6,830000000E0	8,012425378E0	1,122721710E0
6,840000000E0	9,733528949E0	1,266424075E0
6,850000000E0	1,166438251E1	1,458638127E0
6,860000000E0	1,345052272E1	1,665434640E0
6,870000000E0	1,526595938E1	1,921314077E0
6,880000000E0	1,707257343E1	2,257191524E0
6,890000000E0	1,885346184E1	2,623886221E0
6,900000000E0	2,062853905E1	3,028828648E0
6,910000000E0	2,234830106E1	3,494080914E0
6,920000000E0	2,403714201E1	4,050841274E0
6,930000000E0	2,568676971E1	4,606986514E0
6,940000000E0	2,725572797E1	5,210538242E0
6,950000000E0	2,883097945E1	6,072841711E0
6,960000000E0	3,034028449E1	6,614295100E0
6,970000000E0	3,180883184E1	7,355721581E0
6,980000000E0	3,320821647E1	8,137807096E0
6,990000000E0	3,455566905E1	8,916080087E0
7,000000000E0	3,583059898E1	9,727906753E0
7,010000000E0	3,705447986E1	1,056036649E1
7,020000000E0	3,824147526E1	1,140534133E1
7,030000000E0	3,935560813E1	1,226928041E1
7,040000000E0	4,040767467E1	1,310241386E1
7,050000000E0	4,143586186E1	1,393897554E1
7,060000000E0	4,243118752E1	1,478584414E1
7,070000000E0	4,333496398E1	1,561697888E1
7,080000000E0	4,421516526E1	1,644299227E1
7,090000000E0	4,497535454E1	1,719758683E1
7,100000000E0	4,569533682E1	1,793389633E1
7,110000000E0	4,630952636E1	1,865751712E1
7,120000000E0	4,691149658E1	1,959090555E1
7,130000000E0	4,762861663E1	2,009238558E1
7,140000000E0	4,820033129E1	2,073091947E1
7,150000000E0	4,872167506E1	2,135789578E1
7,160000000E0	4,919300276E1	2,193752698E1
7,170000000E0	4,966104034E1	2,248102087E1
7,180000000E0	5,003885839E1	2,298053366E1
7,190000000E0	5,040931749E1	2,345416721E1
7,200000000E0	5,076072531E1	2,389990000E1
7,210000000E0	5,101261465E1	2,428690009E1
