mass_A
t	x	y
0,000000000E0	-6,093889623E1	5,005044426E1
1,000000000E-2	-6,095997463E1	5,006985184E1
2,000000000E-2	-6,095810950E1	5,007149220E1
3,000000000E-2	-6,095630525E1	5,007218601E1
4,000000000E-2	-6,095154628E1	5,006916731E1
5,000000000E-2	-6,095197478E1	5,006556480E1
6,000000000E-2	-6,095056808E1	5,006686959E1
7,000000000E-2	-6,094399230E1	5,007216062E1
8,000000000E-2	-6,093824399E1	5,006275496E1
9,000000000E-2	-6,094694162E1	4,997602008E1
1,000000000E-1	-6,085606075E1	4,982709447E1
1,100000000E-1	-6,083463088E1	4,966593288E1
1,200000000E-1	-6,072954610E1	4,941337829E1
1,300000000E-1	-6,050780095E1	4,909104476E1
1,400000000E-1	-6,039218575E1	4,873628031E1
1,500000000E-1	-6,019712352E1	4,835340119E1
1,600000000E-1	-5,996092080E1	4,788011016E1
1,700000000E-1	-5,970656137E1	4,732004516E1
1,800000000E-1	-5,940739065E1	4,675524568E1
1,900000000E-1	-5,910788754E1	4,609152492E1
2,000000000E-1	-5,877830495E1	4,537528050E1
2,100000000E-1	-5,840065541E1	4,462735686E1
2,200000000E-1	-5,801693400E1	4,378942693E1
2,300000000E-1	-5,758947465E1	4,293755097E1
2,400000000E-1	-5,714770072E1	4,198980940E1
2,500000000E-1	-5,666872509E1	4,102113557E1
2,600000000E-1	-5,612070940E1	4,004035862E1
2,700000000E-1	-5,556286290E1	3,896053939E1
2,800000000E-1	-5,500103345E1	3,780007562E1
2,900000000E-1	-5,434746239E1	3,665932427E1
3,000000000E-1	-5,368395137E1	3,542973491E1
3,100000000E-1	-5,300081312E1	3,419973527E1
3,200000000E-1	-5,223883076E1	3,283644000E1
3,300000000E-1	-5,143118315E1	3,151631020E1
3,400000000E-1	-5,058778948E1	3,011120324E1
3,500000000E-1	-4,963737242E1	2,872503531E1
3,600000000E-1	-4,866665079E1	2,728410187E1
3,700000000E-1	-4,760799122E1	2,583388723E1
3,800000000E-1	-4,652737651E1	2,432749062E1
3,900000000E-1	-4,532986017E1	2,282804177E1
4,000000000E-1	-4,401413106E1	2,137343119E1
4,100000000E-1	-4,266974971E1	1,982274006E1
4,200000000E-1	-4,141350853E1	1,830348507E1
4,300000000E-1	-3,994495785E1	1,678557750E1
4,400000000E-1	-3,844006852E1	1,529503489E1
4,500000000E-1	-3,683307792E1	1,380267431E1
4,600000000E-1	-3,513323081E1	1,236331887E1
4,700000000E-1	-3,335340455E1	1,098115026E1
4,800000000E-1	-3,145013419E1	9,674111051E0
4,900000000E-1	-2,945746766E1	8,411978146E0
5,000000000E-1	-2,735736574E1	7,286629096E0
5,100000000E-1	-2,507606952E1	6,213327260E0
5,200000000E-1	-2,293852163E1	5,358392014E0
5,300000000E-1	-2,068703576E1	4,548891697E0
5,400000000E-1	-1,845298735E1	3,724908053E0
5,500000000E-1	-1,607580469E1	3,110928619E0
5,600000000E-1	-1,363649331E1	2,608055196E0
5,700000000E-1	-1,119708097E1	2,207520896E0
5,800000000E-1	-8,799357000E0	1,881890322E0
5,900000000E-1	-6,271581780E0	1,628408467E0
6,000000000E-1	-3,826835218E0	1,406556308E0
6,100000000E-1	-1,349426807E0	1,245813018E0
6,200000000E-1	1,146383771E0	1,188380203E0
6,300000000E-1	3,620164129E0	1,219888206E0
6,400000000E-1	6,088908748E0	1,306095671E0
6,500000000E-1	8,545764377E0	1,518719993E0
6,600000000E-1	1,105201408E1	1,753282877E0
6,700000000E-1	1,326949253E1	2,059527649E0
6,800000000E-1	1,562142828E1	2,372135816E0
6,900000000E-1	1,799813952E1	2,813832719E0
7,000000000E-1	2,033467493E1	3,353954221E0
7,100000000E-1	2,259588673E1	4,022917970E0
7,200000000E-1	2,485587739E1	4,794030418E0
7,300000000E-1	2,693593186E1	5,572768897E0
7,400000000E-1	2,918414135E1	6,477841925E0
7,500000000E-1	3,117687343E1	7,440530076E0
7,600000000E-1	3,316952718E1	8,526289358E0
7,700000000E-1	3,507759975E1	9,629823996E0
7,800000000E-1	3,690567442E1	1,082001308E1
7,900000000E-1	3,861757853E1	1,206061439E1
8,000000000E-1	4,017581072E1	1,335366669E1
8,100000000E-1	4,168707018E1	1,462202935E1
8,200000000E-1	4,317040273E1	1,591853390E1
8,300000000E-1	4,451742787E1	1,729041569E1
8,400000000E-1	4,578919177E1	1,861561844E1
8,500000000E-1	4,700368197E1	2,008495615E1
8,600000000E-1	4,817383180E1	2,135186588E1
8,700000000E-1	4,930500063E1	2,272359669E1
8,800000000E-1	5,034413787E1	2,402842808E1
8,900000000E-1	5,133779667E1	2,531704115E1
9,000000000E-1	5,226238363E1	2,658471194E1
9,100000000E-1	5,313954539E1	2,783002139E1
9,200000000E-1	5,397548482E1	2,901356366E1
9,300000000E-1	5,471579658E1	3,019322814E1
9,400000000E-1	5,541726208E1	3,132639170E1
9,500000000E-1	5,605166082E1	3,241770321E1
9,600000000E-1	5,664330188E1	3,346018418E1
9,700000000E-1	5,716618966E1	3,444207947E1
9,800000000E-1	5,769393763E1	3,536747383E1
9,900000000E-1	5,819247531E1	3,625439375E1
1,000000000E0	5,864658845E1	3,707043546E1
1,010000000E0	5,911630127E1	3,786444448E1
1,020000000E0	5,954058689E1	3,860374875E1
1,030000000E0	5,992263778E1	3,931610277E1
1,040000000E0	6,031032893E1	3,998714040E1
1,050000000E0	6,062416020E1	4,057834537E1
1,060000000E0	6,090957860E1	4,115636312E1
1,070000000E0	6,115186965E1	4,166671275E1
1,080000000E0	6,137615384E1	4,211946107E1
1,090000000E0	6,161930690E1	4,252128945E1
1,100000000E0	6,181966380E1	4,284464157E1
1,110000000E0	6,197237456E1	4,314810102E1
1,120000000E0	6,212582888E1	4,339141123E1
1,130000000E0	6,220389676E1	4,356685339E1
1,140000000E0	6,229740043E1	4,368835925E1
1,150000000E0	6,233821434E1	4,376266876E1
1,160000000E0	6,237705057E1	4,379198229E1
1,170000000E0	6,241002347E1	4,378036503E1
1,180000000E0	6,238293875E1	4,368860045E1
1,190000000E0	6,232667223E1	4,352449482E1
1,200000000E0	6,223089196E1	4,330108095E1
1,210000000E0	6,209940541E1	4,302366982E1
1,220000000E0	6,194160176E1	4,271406456E1
1,230000000E0	6,172927709E1	4,234376606E1
1,240000000E0	6,152607948E1	4,188662549E1
1,250000000E0	6,123402058E1	4,138465345E1
1,260000000E0	6,098067635E1	4,081173792E1
1,270000000E0	6,063767584E1	4,020078459E1
1,280000000E0	6,027633768E1	3,955262445E1
1,290000000E0	5,989893087E1	3,884223623E1
1,300000000E0	5,946484666E1	3,804556272E1
1,310000000E0	5,901697543E1	3,724176524E1
1,320000000E0	5,851652832E1	3,637132542E1
1,330000000E0	5,798374641E1	3,544809719E1
1,340000000E0	5,741135828E1	3,447241108E1
1,350000000E0	5,681723886E1	3,345653730E1
1,360000000E0	5,616393971E1	3,239790941E1
1,370000000E0	5,545501136E1	3,128627576E1
1,380000000E0	5,471095134E1	3,015153854E1
1,390000000E0	5,392761870E1	2,897798510E1
1,400000000E0	5,305998645E1	2,777968668E1
1,410000000E0	5,215947501E1	2,654172029E1
1,420000000E0	5,121485349E1	2,527365523E1
1,430000000E0	5,019243882E1	2,398368917E1
1,440000000E0	4,907801262E1	2,266880992E1
1,450000000E0	4,795827680E1	2,135362536E1
1,460000000E0	4,676900655E1	1,999995969E1
1,470000000E0	4,552599530E1	1,863956666E1
1,480000000E0	4,435674513E1	1,736793865E1
1,490000000E0	4,296682247E1	1,608140572E1
1,500000000E0	4,155294481E1	1,469275761E1
1,510000000E0	4,004832959E1	1,339776839E1
1,520000000E0	3,845850162E1	1,211500726E1
1,530000000E0	3,678372112E1	1,083452750E1
1,540000000E0	3,501744547E1	9,675011235E0
1,550000000E0	3,320341177E1	8,538721889E0
1,560000000E0	3,128085823E1	7,446191924E0
1,570000000E0	2,929826068E1	6,475150360E0
1,580000000E0	2,716274775E1	5,513707402E0
1,590000000E0	2,513129187E1	4,749707342E0
1,600000000E0	2,296535672E1	3,984554434E0
1,610000000E0	2,075900782E1	3,291594989E0
1,620000000E0	1,849727273E1	2,748827570E0
1,630000000E0	1,620307304E1	2,304404313E0
1,640000000E0	1,389511313E1	1,925263058E0
1,650000000E0	1,158420109E1	1,656069290E0
1,660000000E0	9,133769034E0	1,379321762E0
1,670000000E0	6,931346989E0	1,186364974E0
1,680000000E0	4,452050935E0	1,076818964E0
1,690000000E0	2,088247385E0	1,045612018E0
1,700000000E0	-2,750745666E-1	1,075910717E0
1,710000000E0	-2,620410345E0	1,203840684E0
1,720000000E0	-4,964644640E0	1,393125501E0
1,730000000E0	-7,249885741E0	1,670416625E0
1,740000000E0	-9,631155533E0	1,949233893E0
1,750000000E0	-1,194966616E1	2,272386753E0
1,760000000E0	-1,424379707E1	2,682574044E0
1,770000000E0	-1,651413744E1	3,206996230E0
1,780000000E0	-1,873016455E1	3,807498278E0
1,790000000E0	-2,082616022E1	4,547864983E0
1,800000000E0	-2,293835831E1	5,361735128E0
1,810000000E0	-2,498095143E1	6,114113723E0
1,820000000E0	-2,699249481E1	7,104658341E0
1,830000000E0	-2,892212111E1	8,105651528E0
1,840000000E0	-3,075523113E1	9,222927637E0
1,850000000E0	-3,251563870E1	1,034970307E1
1,860000000E0	-3,420101049E1	1,155334682E1
1,870000000E0	-3,576463000E1	1,281176620E1
1,880000000E0	-3,728449003E1	1,410638007E1
1,890000000E0	-3,868071131E1	1,538262146E1
1,900000000E0	-4,000893895E1	1,670527348E1
1,910000000E0	-4,129361030E1	1,801273515E1
1,920000000E0	-4,245554408E1	1,938416106E1
1,930000000E0	-4,366623924E1	2,067252945E1
1,940000000E0	-4,477062183E1	2,187158688E1
1,950000000E0	-4,583378950E1	2,309484282E1
1,960000000E0	-4,683337873E1	2,436980538E1
1,970000000E0	-4,774792597E1	2,562173334E1
1,980000000E0	-4,862015652E1	2,680428181E1
1,990000000E0	-4,941503430E1	2,799650027E1
2,000000000E0	-5,012392773E1	2,910151495E1
2,010000000E0	-5,082061047E1	3,018056889E1
2,020000000E0	-5,145809912E1	3,119551653E1
2,030000000E0	-5,203623963E1	3,220926906E1
2,040000000E0	-5,257950440E1	3,317368692E1
2,050000000E0	-5,312604519E1	3,410968967E1
2,060000000E0	-5,360862728E1	3,499378309E1
2,070000000E0	-5,404910227E1	3,582896931E1
2,080000000E0	-5,446020097E1	3,660873951E1
2,090000000E0	-5,482252518E1	3,732918837E1
2,100000000E0	-5,516494500E1	3,800582578E1
2,110000000E0	-5,549271874E1	3,861194579E1
2,120000000E0	-5,577147402E1	3,918774957E1
2,130000000E0	-5,601749003E1	3,970366255E1
2,140000000E0	-5,625401810E1	4,017726608E1
2,150000000E0	-5,648590515E1	4,056494251E1
2,160000000E0	-5,663071462E1	4,092435860E1
2,170000000E0	-5,674910142E1	4,125127926E1
2,180000000E0	-5,686397675E1	4,150426545E1
2,190000000E0	-5,696252669E1	4,169804650E1
2,200000000E0	-5,704530961E1	4,184204295E1
2,210000000E0	-5,708246671E1	4,194935205E1
2,220000000E0	-5,709622924E1	4,198733820E1
2,230000000E0	-5,709123534E1	4,198673632E1
2,240000000E0	-5,709195785E1	4,190159972E1
2,250000000E0	-5,703001496E1	4,174879530E1
2,260000000E0	-5,694393753E1	4,159570743E1
2,270000000E0	-5,683052796E1	4,136769159E1
2,280000000E0	-5,671581708E1	4,106005305E1
2,290000000E0	-5,649233189E1	4,075615606E1
2,300000000E0	-5,635462450E1	4,031601776E1
2,310000000E0	-5,612418828E1	3,986572388E1
2,320000000E0	-5,586565846E1	3,934169642E1
2,330000000E0	-5,560789395E1	3,875369531E1
2,340000000E0	-5,528934034E1	3,815768772E1
2,350000000E0	-5,492543637E1	3,751527015E1
2,360000000E0	-5,455690466E1	3,679748938E1
2,370000000E0	-5,417862246E1	3,598159020E1
2,380000000E0	-5,375867347E1	3,517489999E1
2,390000000E0	-5,324100496E1	3,428322697E1
2,400000000E0	-5,274588745E1	3,333541438E1
2,410000000E0	-5,217084454E1	3,237141872E1
2,420000000E0	-5,154965942E1	3,137941751E1
2,430000000E0	-5,092798836E1	3,030522849E1
2,440000000E0	-5,023550987E1	2,921322833E1
2,450000000E0	-4,950577033E1	2,804618382E1
2,460000000E0	-4,867927403E1	2,690897157E1
2,470000000E0	-4,783281720E1	2,570922568E1
2,480000000E0	-4,697192962E1	2,444161191E1
2,490000000E0	-4,596965632E1	2,317146866E1
2,500000000E0	-4,495106077E1	2,193874680E1
2,510000000E0	-4,383919614E1	2,076856851E1
2,520000000E0	-4,268235499E1	1,940164357E1
2,530000000E0	-4,155607542E1	1,808805710E1
2,540000000E0	-4,025744701E1	1,679621106E1
2,550000000E0	-3,890559009E1	1,548472595E1
2,560000000E0	-3,747381058E1	1,418500967E1
2,570000000E0	-3,599267341E1	1,290144940E1
2,580000000E0	-3,441384829E1	1,165292596E1
2,590000000E0	-3,275677992E1	1,045444525E1
2,600000000E0	-3,098670246E1	9,339174325E0
2,610000000E0	-2,916686949E1	8,247421635E0
2,620000000E0	-2,725427007E1	7,228229866E0
2,630000000E0	-2,527761447E1	6,394127704E0
2,640000000E0	-2,324864306E1	5,465599765E0
2,650000000E0	-2,119555922E1	4,685870229E0
2,660000000E0	-1,915784101E1	3,992398582E0
2,670000000E0	-1,697596156E1	3,376163473E0
2,680000000E0	-1,474934841E1	2,849294695E0
2,690000000E0	-1,253278942E1	2,422296309E0
2,700000000E0	-1,029044906E1	2,055272090E0
2,710000000E0	-8,111094861E0	1,854461917E0
2,720000000E0	-5,783676492E0	1,545119099E0
2,730000000E0	-3,540826694E0	1,331468356E0
2,740000000E0	-1,329913063E0	1,181617139E0
2,750000000E0	8,580888279E-1	1,087908472E0
2,760000000E0	3,106400535E0	1,076871529E0
2,770000000E0	5,377787002E0	1,118534415E0
2,780000000E0	7,655876174E0	1,236929381E0
2,790000000E0	9,736677283E0	1,398838393E0
2,800000000E0	1,210346679E1	1,602995531E0
2,810000000E0	1,431168781E1	1,898039534E0
2,820000000E0	1,652783670E1	2,266067433E0
2,830000000E0	1,871432830E1	2,700589344E0
2,840000000E0	2,085622528E1	3,224050831E0
2,850000000E0	2,295058899E1	3,816601558E0
2,860000000E0	2,499488236E1	4,518281095E0
2,870000000E0	2,694161340E1	5,268834092E0
2,880000000E0	2,890599371E1	6,259532602E0
2,890000000E0	3,077383903E1	6,989689252E0
2,900000000E0	3,257706091E1	7,922328376E0
2,910000000E0	3,426659636E1	8,904956701E0
2,920000000E0	3,585645964E1	9,962669135E0
2,930000000E0	3,740181326E1	1,105916702E1
2,940000000E0	3,886681951E1	1,221925715E1
2,950000000E0	4,028968580E1	1,335843158E1
2,960000000E0	4,161621117E1	1,453537164E1
2,970000000E0	4,287991530E1	1,571092433E1
2,980000000E0	4,410381362E1	1,689970322E1
2,990000000E0	4,523663032E1	1,806903280E1
3,000000000E0	4,623566905E1	1,928504339E1
3,010000000E0	4,726393217E1	2,038372025E1
3,020000000E0	4,822664331E1	2,153970248E1
3,030000000E0	4,911357082E1	2,263251711E1
3,040000000E0	4,993888068E1	2,370415044E1
3,050000000E0	5,070464697E1	2,474651916E1
3,060000000E0	5,145087759E1	2,574888962E1
3,070000000E0	5,215308085E1	2,670978105E1
3,080000000E0	5,280792716E1	2,764231632E1
3,090000000E0	5,343090042E1	2,852220922E1
3,100000000E0	5,401435024E1	2,935466756E1
3,110000000E0	5,460099666E1	3,017126920E1
3,120000000E0	5,516966744E1	3,092659753E1
3,130000000E0	5,567933918E1	3,165612420E1
3,140000000E0	5,615609460E1	3,235283754E1
3,150000000E0	5,655299230E1	3,301766512E1
3,160000000E0	5,693187035E1	3,360901277E1
3,170000000E0	5,725565973E1	3,417305963E1
3,180000000E0	5,759038310E1	3,468826222E1
3,190000000E0	5,786569902E1	3,513154609E1
3,200000000E0	5,811818870E1	3,553178543E1
3,210000000E0	5,834854085E1	3,587174041E1
3,220000000E0	5,857048457E1	3,619174719E1
3,230000000E0	5,871614783E1	3,644701514E1
3,240000000E0	5,885962912E1	3,664860318E1
3,250000000E0	5,894688244E1	3,680548816E1
3,260000000E0	5,905096598E1	3,692585995E1
3,270000000E0	5,905761164E1	3,695419477E1
3,280000000E0	5,905674004E1	3,695247847E1
3,290000000E0	5,904895886E1	3,692996111E1
3,300000000E0	5,895873624E1	3,680744597E1
3,310000000E0	5,889112753E1	3,666211943E1
3,320000000E0	5,876864158E1	3,644074687E1
3,330000000E0	5,859127692E1	3,611215041E1
3,340000000E0	5,844154211E1	3,580813608E1
3,350000000E0	5,819398327E1	3,540125628E1
3,360000000E0	5,794566937E1	3,498920950E1
3,370000000E0	5,762650405E1	3,451302110E1
3,380000000E0	5,727953682E1	3,394730235E1
3,390000000E0	5,691194569E1	3,334648548E1
3,400000000E0	5,652781725E1	3,271776199E1
3,410000000E0	5,607610088E1	3,201431931E1
3,420000000E0	5,559843581E1	3,129191321E1
3,430000000E0	5,509350232E1	3,053633581E1
3,440000000E0	5,452248496E1	2,970981226E1
3,450000000E0	5,391250961E1	2,885626912E1
3,460000000E0	5,328486651E1	2,793511927E1
3,470000000E0	5,259226276E1	2,700879631E1
3,480000000E0	5,184766304E1	2,603308028E1
3,490000000E0	5,106955661E1	2,502369902E1
3,500000000E0	5,026548412E1	2,400446709E1
3,510000000E0	4,941802558E1	2,297762486E1
3,520000000E0	4,854434032E1	2,189938483E1
3,530000000E0	4,763394579E1	2,078918033E1
3,540000000E0	4,665884943E1	1,969567860E1
3,550000000E0	4,561296118E1	1,849423775E1
3,560000000E0	4,454051430E1	1,735897714E1
3,570000000E0	4,336492224E1	1,619765529E1
3,580000000E0	4,213155874E1	1,503915335E1
3,590000000E0	4,082425452E1	1,385193994E1
3,600000000E0	3,944567241E1	1,267684138E1
3,610000000E0	3,800163737E1	1,155128317E1
3,620000000E0	3,646769472E1	1,045110571E1
3,630000000E0	3,488328362E1	9,357907211E0
3,640000000E0	3,322394646E1	8,344871164E0
3,650000000E0	3,148658902E1	7,350109204E0
3,660000000E0	2,967435662E1	6,431589999E0
3,670000000E0	2,774854531E1	5,558916219E0
3,680000000E0	2,593055121E1	4,786305827E0
3,690000000E0	2,395246336E1	4,068207541E0
3,700000000E0	2,195608626E1	3,446867301E0
3,710000000E0	1,989875334E1	2,890093607E0
3,720000000E0	1,780306159E1	2,400135189E0
3,730000000E0	1,568808916E1	2,016746866E0
3,740000000E0	1,356027494E1	1,674966199E0
3,750000000E0	1,145008457E1	1,450121735E0
3,760000000E0	9,146987300E0	1,190703689E0
3,770000000E0	7,081596312E0	1,038219326E0
3,780000000E0	4,821566427E0	9,409059117E-1
3,790000000E0	2,624060458E0	9,127696962E-1
3,800000000E0	4,354112303E-1	9,373366122E-1
3,810000000E0	-1,745026414E0	1,003334647E0
3,820000000E0	-3,917042572E0	1,153716698E0
3,830000000E0	-6,064127965E0	1,345635402E0
3,840000000E0	-8,329292107E0	1,717869154E0
3,850000000E0	-1,038000139E1	1,878584617E0
3,860000000E0	-1,250821993E1	2,233380886E0
3,870000000E0	-1,461009516E1	2,640573701E0
3,880000000E0	-1,667663493E1	3,127743932E0
3,890000000E0	-1,870045411E1	3,645274400E0
3,900000000E0	-2,069818483E1	4,258445133E0
3,910000000E0	-2,263196544E1	4,962262832E0
3,920000000E0	-2,448331260E1	5,700672375E0
3,930000000E0	-2,635119851E1	6,738189331E0
3,940000000E0	-2,814656876E1	7,463949973E0
3,950000000E0	-2,986210872E1	8,415512588E0
3,960000000E0	-3,147558172E1	9,450603934E0
3,970000000E0	-3,303553144E1	1,049534368E1
3,980000000E0	-3,454064774E1	1,153828422E1
3,990000000E0	-3,596187690E1	1,266486181E1
4,000000000E0	-3,727638861E1	1,379651442E1
4,010000000E0	-3,855148762E1	1,490129978E1
4,020000000E0	-3,977899356E1	1,603810518E1
4,030000000E0	-4,092643130E1	1,716329054E1
4,040000000E0	-4,203531236E1	1,828031381E1
4,050000000E0	-4,309884376E1	1,936320149E1
4,060000000E0	-4,392961599E1	2,064699518E1
4,070000000E0	-4,502240459E1	2,154479214E1
4,080000000E0	-4,589306507E1	2,260386506E1
4,090000000E0	-4,672387718E1	2,364885085E1
4,100000000E0	-4,749731489E1	2,465191124E1
4,110000000E0	-4,822255249E1	2,562174990E1
4,120000000E0	-4,890535751E1	2,656710343E1
4,130000000E0	-4,956537247E1	2,744580037E1
4,140000000E0	-5,017609421E1	2,828456314E1
4,150000000E0	-5,072073357E1	2,908095194E1
4,160000000E0	-5,120069129E1	2,978844333E1
4,170000000E0	-5,167283024E1	3,057081399E1
4,180000000E0	-5,209150019E1	3,125656919E1
4,190000000E0	-5,249591333E1	3,188902929E1
4,200000000E0	-5,285887558E1	3,247037424E1
4,210000000E0	-5,314364396E1	3,301574661E1
4,220000000E0	-5,346224484E1	3,350351222E1
4,230000000E0	-5,370368098E1	3,395051652E1
4,240000000E0	-5,393866156E1	3,433769776E1
4,250000000E0	-5,411291889E1	3,465494529E1
4,260000000E0	-5,429827288E1	3,495752760E1
4,270000000E0	-5,443218724E1	3,522284515E1
4,280000000E0	-5,454082746E1	3,539156757E1
4,290000000E0	-5,459934479E1	3,550276136E1
4,300000000E0	-5,466649362E1	3,560374650E1
4,310000000E0	-5,467813608E1	3,561394969E1
4,320000000E0	-5,468044479E1	3,561179291E1
4,330000000E0	-5,467305272E1	3,557968053E1
4,340000000E0	-5,459632342E1	3,545575221E1
4,350000000E0	-5,446079985E1	3,526493589E1
4,360000000E0	-5,432736438E1	3,503889013E1
4,370000000E0	-5,419204971E1	3,476568711E1
4,380000000E0	-5,397851397E1	3,441798433E1
4,390000000E0	-5,374078880E1	3,404675160E1
4,400000000E0	-5,348088381E1	3,360387868E1
4,410000000E0	-5,322562561E1	3,314465513E1
4,420000000E0	-5,288788183E1	3,259318610E1
4,430000000E0	-5,253183742E1	3,201223051E1
4,440000000E0	-5,213835914E1	3,139616802E1
4,450000000E0	-5,170035076E1	3,069804750E1
4,460000000E0	-5,121293262E1	2,995781832E1
4,470000000E0	-5,072256215E1	2,921495410E1
4,480000000E0	-5,019766552E1	2,838816733E1
4,490000000E0	-4,961420893E1	2,754329965E1
4,500000000E0	-4,900427302E1	2,666804293E1
4,510000000E0	-4,832060634E1	2,573574094E1
4,520000000E0	-4,759319956E1	2,475806188E1
4,530000000E0	-4,684962638E1	2,378255412E1
4,540000000E0	-4,600943724E1	2,276040456E1
4,550000000E0	-4,514786065E1	2,169878705E1
4,560000000E0	-4,412223205E1	2,078678027E1
4,570000000E0	-4,322067310E1	1,949227428E1
4,580000000E0	-4,220215594E1	1,841626023E1
4,590000000E0	-4,110256275E1	1,729138500E1
4,600000000E0	-3,995574042E1	1,613256837E1
4,610000000E0	-3,875556971E1	1,500492839E1
4,620000000E0	-3,748969538E1	1,388126649E1
4,630000000E0	-3,615066813E1	1,275185282E1
4,640000000E0	-3,472665809E1	1,165548918E1
4,650000000E0	-3,325067222E1	1,055806696E1
4,660000000E0	-3,171199900E1	9,518465685E0
4,670000000E0	-3,010271916E1	8,502217368E0
4,680000000E0	-2,841726560E1	7,560551516E0
4,690000000E0	-2,669544506E1	6,734157892E0
4,700000000E0	-2,481951902E1	5,798334923E0
4,710000000E0	-2,299940198E1	5,046216478E0
4,720000000E0	-2,109083232E1	4,340029061E0
4,730000000E0	-1,918453198E1	3,744257982E0
4,740000000E0	-1,716143635E1	3,187695441E0
4,750000000E0	-1,512692731E1	2,724554123E0
4,760000000E0	-1,308880001E1	2,302503636E0
4,770000000E0	-1,100835672E1	1,943745950E0
4,780000000E0	-8,948746518E0	1,661918188E0
4,790000000E0	-6,778161065E0	1,416703285E0
4,800000000E0	-4,725396597E0	1,204959180E0
4,810000000E0	-2,633509757E0	1,046643238E0
4,820000000E0	-5,474617940E-1	9,469865394E-1
4,830000000E0	1,564714880E0	9,152193389E-1
4,840000000E0	3,677820219E0	9,334116782E-1
4,850000000E0	5,752953291E0	9,914473925E-1
4,860000000E0	7,863041561E0	1,077650660E0
4,870000000E0	9,821120929E0	1,362783907E0
4,880000000E0	1,197947200E1	1,491218519E0
4,890000000E0	1,403785349E1	1,782188313E0
4,900000000E0	1,605686897E1	2,129859044E0
4,910000000E0	1,803079939E1	2,526255881E0
4,920000000E0	1,999611032E1	2,987140456E0
4,930000000E0	2,189365941E1	3,498827180E0
4,940000000E0	2,376697395E1	4,102101216E0
4,950000000E0	2,557750047E1	4,770183576E0
4,960000000E0	2,726734859E1	5,408635776E0
4,970000000E0	2,900703624E1	6,244761409E0
4,980000000E0	3,069178793E1	7,007707467E0
4,990000000E0	3,233016565E1	7,837937377E0
5,000000000E0	3,390602056E1	8,746898681E0
5,010000000E0	3,538925951E1	9,682934471E0
5,020000000E0	3,682446738E1	1,066401633E1
5,030000000E0	3,822581872E1	1,165721784E1
5,040000000E0	3,953369667E1	1,265277344E1
5,050000000E0	4,075855128E1	1,367501894E1
5,060000000E0	4,196097444E1	1,468304946E1
5,070000000E0	4,308449839E1	1,570929097E1
5,080000000E0	4,414884861E1	1,671042292E1
5,090000000E0	4,514439760E1	1,768020664E1
5,100000000E0	4,606614718E1	1,865878379E1
5,110000000E0	4,691851499E1	1,975216170E1
5,120000000E0	4,786131824E1	2,057852669E1
5,130000000E0	4,866504291E1	2,151583709E1
5,140000000E0	4,941866558E1	2,237805715E1
5,150000000E0	5,010870334E1	2,321226837E1
5,160000000E0	5,075516211E1	2,401952494E1
5,170000000E0	5,133436803E1	2,476998548E1
5,180000000E0	5,186606421E1	2,549275082E1
5,190000000E0	5,238365060E1	2,622161791E1
5,200000000E0	5,284589222E1	2,688800627E1
5,210000000E0	5,327048996E1	2,753204541E1
5,220000000E0	5,365569863E1	2,812550927E1
5,230000000E0	5,400493476E1	2,864762745E1
5,240000000E0	5,433491165E1	2,913345088E1
5,250000000E0	5,460317951E1	2,959220248E1
5,260000000E0	5,484587455E1	2,997937049E1
5,270000000E0	5,505543993E1	3,033232180E1
5,280000000E0	5,522363763E1	3,064951259E1
5,290000000E0	5,535183011E1	3,090870458E1
5,300000000E0	5,546034084E1	3,113411887E1
5,310000000E0	5,554700938E1	3,128376948E1
5,320000000E0	5,557853144E1	3,138949214E1
5,330000000E0	5,559164856E1	3,144837216E1
5,340000000E0	5,559713024E1	3,147105126E1
5,350000000E0	5,555596380E1	3,144444672E1
5,360000000E0	5,547906557E1	3,137256054E1
5,370000000E0	5,536170502E1	3,125500293E1
5,380000000E0	5,521895587E1	3,104978620E1
5,390000000E0	5,508139062E1	3,082978119E1
5,400000000E0	5,494105584E1	3,055253481E1
5,410000000E0	5,473363053E1	3,020073887E1
5,420000000E0	5,452481027E1	2,982523293E1
5,430000000E0	5,426802306E1	2,938232156E1
5,440000000E0	5,400217682E1	2,891562712E1
5,450000000E0	5,365681840E1	2,839419850E1
5,460000000E0	5,328928612E1	2,783748497E1
5,470000000E0	5,288020570E1	2,721899611E1
5,480000000E0	5,244497140E1	2,658068302E1
5,490000000E0	5,195738180E1	2,587684825E1
5,500000000E0	5,145769144E1	2,514739348E1
5,510000000E0	5,087507720E1	2,439378652E1
5,520000000E0	5,027050752E1	2,358645930E1
5,530000000E0	4,961658816E1	2,273569537E1
5,540000000E0	4,892168183E1	2,187024866E1
5,550000000E0	4,815710577E1	2,093862448E1
5,560000000E0	4,732888892E1	2,001418362E1
5,570000000E0	4,638809548E1	1,913715341E1
5,580000000E0	4,559813765E1	1,803879180E1
5,590000000E0	4,465198299E1	1,703509476E1
5,600000000E0	4,364650675E1	1,603812473E1
5,610000000E0	4,257076274E1	1,501800600E1
5,620000000E0	4,146121065E1	1,397195293E1
5,630000000E0	4,027818520E1	1,297427872E1
5,640000000E0	3,901939233E1	1,199442378E1
5,650000000E0	3,766585748E1	1,102002815E1
5,660000000E0	3,628768394E1	1,004084519E1
5,670000000E0	3,482260353E1	9,097602997E0
5,680000000E0	3,330252043E1	8,190446890E0
5,690000000E0	3,171868319E1	7,324251776E0
5,700000000E0	3,005450604E1	6,485525266E0
5,710000000E0	2,834874878E1	5,862650647E0
5,720000000E0	2,667275134E1	4,986278830E0
5,730000000E0	2,487524121E1	4,321518582E0
5,740000000E0	2,303786660E1	3,712958794E0
5,750000000E0	2,116812895E1	3,173762617E0
5,760000000E0	1,925501566E1	2,716894907E0
5,770000000E0	1,730519307E1	2,297084971E0
5,780000000E0	1,537003746E1	1,965738478E0
5,790000000E0	1,345648173E1	1,660869869E0
5,800000000E0	1,153660958E1	1,423957327E0
5,810000000E0	9,456337933E0	1,201172164E0
5,820000000E0	7,602097321E0	1,037719022E0
5,830000000E0	5,560862673E0	9,448444257E-1
5,840000000E0	3,566948347E0	8,661693164E-1
5,850000000E0	1,547098482E0	8,384507099E-1
5,860000000E0	-4,480691784E-1	8,525272642E-1
5,870000000E0	-2,451876983E0	9,514356926E-1
5,880000000E0	-4,449254959E0	1,093161166E0
5,890000000E0	-6,438999752E0	1,280314087E0
5,900000000E0	-8,509956963E0	1,592264106E0
5,910000000E0	-1,039153894E1	1,761570562E0
5,920000000E0	-1,233607072E1	2,065224742E0
5,930000000E0	-1,426775217E1	2,403610012E0
5,940000000E0	-1,615450042E1	2,834995324E0
5,950000000E0	-1,797063383E1	3,301612292E0
5,960000000E0	-1,977996211E1	3,831572925E0
5,970000000E0	-2,152806733E1	4,430859685E0
5,980000000E0	-2,327356192E1	5,096774406E0
5,990000000E0	-2,492051840E1	5,799252392E0
6,000000000E0	-2,662216310E1	6,644986458E0
6,010000000E0	-2,818175794E1	7,406404008E0
6,020000000E0	-2,969590934E1	8,274729206E0
6,030000000E0	-3,111595839E1	9,204807517E0
6,040000000E0	-3,251626612E1	1,013393953E1
6,050000000E0	-3,382714173E1	1,106530963E1
6,060000000E0	-3,507038617E1	1,203204564E1
6,070000000E0	-3,626776518E1	1,300020750E1
6,080000000E0	-3,738275197E1	1,398973226E1
6,090000000E0	-3,843706192E1	1,491885131E1
6,100000000E0	-3,940465986E1	1,586845882E1
6,110000000E0	-4,035482690E1	1,678105226E1
6,120000000E0	-4,126152058E1	1,767164535E1
6,130000000E0	-4,215164813E1	1,858209276E1
6,140000000E0	-4,301428288E1	1,945022117E1
6,150000000E0	-4,374776663E1	2,038702351E1
6,160000000E0	-4,458285434E1	2,119303508E1
6,170000000E0	-4,526600048E1	2,199498039E1
6,180000000E0	-4,590312396E1	2,276648002E1
6,190000000E0	-4,653362099E1	2,353610434E1
6,200000000E0	-4,711331806E1	2,426177267E1
6,210000000E0	-4,765300484E1	2,493688890E1
6,220000000E0	-4,817518818E1	2,558322607E1
6,230000000E0	-4,864962779E1	2,617564423E1
6,240000000E0	-4,906218648E1	2,672304295E1
6,250000000E0	-4,946231173E1	2,724339177E1
6,260000000E0	-4,982800158E1	2,769511321E1
6,270000000E0	-5,012992206E1	2,813052018E1
6,280000000E0	-5,036439839E1	2,851299098E1
6,290000000E0	-5,058828206E1	2,884782111E1
6,300000000E0	-5,079971760E1	2,911080479E1
6,310000000E0	-5,095916955E1	2,934823685E1
6,320000000E0	-5,109342409E1	2,951401157E1
6,330000000E0	-5,116113483E1	2,960258689E1
6,340000000E0	-5,117344163E1	2,970375350E1
6,350000000E0	-5,120667477E1	2,974991282E1
6,360000000E0	-5,119945519E1	2,973617621E1
6,370000000E0	-5,117385999E1	2,969908503E1
6,380000000E0	-5,110314204E1	2,960422720E1
6,390000000E0	-5,098617973E1	2,948827170E1
6,400000000E0	-5,080078230E1	2,931593535E1
6,410000000E0	-5,062613518E1	2,910045663E1
6,420000000E0	-5,038060964E1	2,884698672E1
6,430000000E0	-5,012885562E1	2,850665806E1
6,440000000E0	-4,986401045E1	2,813732486E1
6,450000000E0	-4,958184940E1	2,770303601E1
6,460000000E0	-4,924296772E1	2,726300395E1
6,470000000E0	-4,889310296E1	2,675326104E1
6,480000000E0	-4,846376462E1	2,621327548E1
6,490000000E0	-4,802747384E1	2,561850256E1
6,500000000E0	-4,754715784E1	2,499555002E1
6,510000000E0	-4,700839389E1	2,430889303E1
6,520000000E0	-4,644675035E1	2,358736743E1
6,530000000E0	-4,583488978E1	2,283865637E1
6,540000000E0	-4,518697381E1	2,201028132E1
6,550000000E0	-4,453465876E1	2,124413180E1
6,560000000E0	-4,375153042E1	2,043252225E1
6,570000000E0	-4,295716391E1	1,951813732E1
6,580000000E0	-4,215815518E1	1,865335600E1
6,590000000E0	-4,131773805E1	1,775834890E1
6,600000000E0	-4,038663977E1	1,683880815E1
6,610000000E0	-3,942650332E1	1,588604075E1
6,620000000E0	-3,840903387E1	1,493082222E1
6,630000000E0	-3,733988909E1	1,395834344E1
6,640000000E0	-3,619547368E1	1,300014131E1
6,650000000E0	-3,501325051E1	1,202104010E1
6,660000000E0	-3,376568569E1	1,106707258E1
6,670000000E0	-3,244225773E1	1,012314340E1
6,680000000E0	-3,107489913E1	9,206425318E0
6,690000000E0	-2,964600619E1	8,294820609E0
6,700000000E0	-2,811964697E1	7,435812236E0
6,710000000E0	-2,658083987E1	6,670821486E0
6,720000000E0	-2,492285077E1	5,872503943E0
6,730000000E0	-2,332278187E1	5,176139067E0
6,740000000E0	-2,158963500E1	4,542337730E0
6,750000000E0	-1,989817725E1	3,959358484E0
6,760000000E0	-1,809825297E1	3,439970693E0
6,770000000E0	-1,628011007E1	2,972904654E0
6,780000000E0	-1,443201504E1	2,534036465E0
6,790000000E0	-1,256718998E1	2,174151489E0
6,800000000E0	-1,070520871E1	1,870908714E0
6,810000000E0	-8,840537831E0	1,621470146E0
6,820000000E0	-6,857635879E0	1,404734684E0
6,830000000E0	-4,993999243E0	1,191540997E0
6,840000000E0	-3,062546821E0	1,045384852E0
6,850000000E0	-1,129501456E0	9,218696403E-1
6,860000000E0	7,972416326E-1	8,707928975E-1
6,870000000E0	2,732323610E0	8,367960533E-1
6,880000000E0	4,669823218E0	8,560761835E-1
6,890000000E0	6,590828893E0	9,504763592E-1
6,900000000E0	8,506418245E0	1,059651442E0
6,910000000E0	1,040243016E1	1,519156400E0
6,920000000E0	1,229222814E1	1,426914663E0
6,930000000E0	1,415666415E1	1,672174315E0
6,940000000E0	1,599752438E1	1,983916961E0
6,950000000E0	1,783185011E1	2,339495745E0
6,960000000E0	1,959744414E1	2,757678987E0
6,970000000E0	2,138056504E1	3,226361353E0
6,980000000E0	2,310443131E1	3,722125726E0
6,990000000E0	2,479603271E1	4,308864311E0
7,000000000E0	2,642611907E1	4,925790592E0
7,010000000E0	2,797711223E1	5,665506205E0
7,020000000E0	2,957660092E1	6,320027376E0
7,030000000E0	3,105235271E1	7,065543843E0
7,040000000E0	3,247251490E1	7,842946225E0
7,050000000E0	3,388654331E1	8,649678004E0
7,060000000E0	3,522213916E1	9,471576694E0
7,070000000E0	3,646313874E1	1,033877296E1
7,080000000E0	3,765854554E1	1,119128719E1
7,090000000E0	3,881725061E1	1,206283358E1
7,100000000E0	3,991139146E1	1,295333141E1
7,110000000E0	4,096877583E1	1,382262325E1
7,120000000E0	4,195008072E1	1,467643641E1
7,130000000E0	4,287941462E1	1,553538468E1
7,140000000E0	4,376119235E1	1,636582620E1
7,150000000E0	4,459730450E1	1,716720955E1
7,160000000E0	4,534535249E1	1,795815918E1
7,170000000E0	4,606337029E1	1,874309268E1
7,180000000E0	4,666039714E1	1,953004690E1
7,190000000E0	4,738552208E1	2,021110767E1
7,200000000E0	4,798250933E1	2,092620140E1
7,210000000E0	4,855509607E1	2,159776012E1
7,220000000E0	4,906366394E1	2,223796179E1
7,230000000E0	4,954331599E1	2,282156349E1
7,240000000E0	4,993370792E1	2,335005742E1
7,250000000E0	5,031195165E1	2,381781890E1
7,260000000E0	5,068969340E1	2,427748775E1
7,270000000E0	5,099923002E1	2,469057976E1
7,280000000E0	5,133614937E1	2,509834082E1
7,290000000E0	5,159352053E1	2,542680702E1
7,300000000E0	5,183102445E1	2,573365820E1
7,310000000E0	5,201161997E1	2,597965918E1
7,320000000E0	5,219050143E1	2,621017494E1
7,330000000E0	5,231456478E1	2,635635038E1
7,340000000E0	5,242886113E1	2,647234690E1
7,350000000E0	5,250062093E1	2,656910114E1
7,360000000E0	5,252983997E1	2,658951847E1
