1
[0, 1, 2, 3, 4, 5]
[0.8782948056770784, 0.9501604752563079, 0.8959138585337139, 0.9532185949862496, 0.8812006762197985, 0.9515963205310034]
0.9183974552006919
0.036934809767181775
[0.0, 1.0, 2.0]
[0.8345210099772794, 0.8540017494602163, 0.8385473211401923]
0.842356693525896
0.010283885023678366
 
2
[0, 1, 2, 3, 4, 5]
[0.8853964692060856, 0.9448033474826696, 0.88412151232932, 0.9493237337865296, 0.8862787271901947, 0.9503117089292105]
0.916705916487335
0.034498045311182036
[0.0, 1.0, 2.0]
[0.836525547955246, 0.8393175352054633, 0.8422410518237194]
0.839361378328143
0.0028580041606317457
 
3
[0, 1, 2, 3, 4, 5]
[0.870825287234608, 0.9345637857396303, 0.890044835590957, 0.941046359879128, 0.8857192563405535, 0.9567537888379125]
0.9131588856037982
0.03525825484126593
[0.0, 1.0, 2.0]
[0.8138417771557761, 0.837573452662087, 0.8474152543505229]
0.8329434947227954
0.01725896797685926
 
4
[0, 1, 2, 3, 4, 5]
[0.8734730937450316, 0.9423020427787087, 0.8784521141800787, 0.9645995158497904, 0.8753346600936736, 0.9618843545106792]
0.9160076301929937
0.044790926289978536
[0.0, 1.0, 2.0]
[0.8230754805481818, 0.8473544840353288, 0.8419707145050279]
0.8374668930295128
0.012750717959970204
 
5
[0, 1, 2, 3, 4, 5, 6, 7]
[0.8869969138739144, 0.936058807513793, 0.8730267905413616, 0.9434132368167203, 0.8919155254820158, 0.9599443367281956, 1.0008844400760912, 0.9997314511573723]
0.9364964377736831
0.04958164418355686
[0.0, 1.0, 2.0, 3.0]
[0.8302812734692309, 0.8236250302923388, 0.8561892575264137, 1.0006156537181048]
0.877677803751522
0.0831536849748796
 
6
[0, 1, 2, 3, 4, 5]
[0.8848887249428001, 0.935891466932061, 0.888312716365963, 0.9469034193711338, 0.885665179918198, 0.9457805259590701]
0.9145736722482043
0.03124120185560951
[0.0, 1.0, 2.0]
[0.8281598068583583, 0.8411463485977904, 0.8376448796866678]
0.8356503450476055
0.006719091672787112
 
7
[0, 1, 2, 3, 4, 5]
[0.8733623544940012, 0.9387708224127019, 0.8823321265649093, 0.950985068621268, 0.8781121890961396, 0.9573360449123806]
0.9134831010169001
0.039497103784607766
[0.0, 1.0, 2.0]
[0.8198870957926273, 0.8390846779280797, 0.8406484500986506]
0.8332067412731192
0.011561620243065179
 
8
[0, 1, 2, 3, 4, 5, 6, 7, 8]
[1.0002016951880595, 0.9999788407644652, 0.8776763900218941, 0.9504774989431874, 0.8776704083703377, 0.9462596770706787, 0.8780767037468169, 0.9557971694619452, 0.8903178879713998]
0.9307173635043093
0.051133072360524924
[0.0, 1.0, 2.0, 3.0]
[1.0001805316848087, 0.8342116600694954, 0.8305041171990065, 0.8392632280116826]
0.8760398842412483
0.08283825446539728
 
9
[0, 1, 2, 3, 4, 5, 6, 7]
[0.8728913618238481, 0.9610455791105571, 0.997972297743003, 0.996353255698563, 0.8851148447390051, 0.9628496383235966, 0.8837754092110731, 0.9456733799385484]
0.9382094708235243
0.05096944824722385
[0.0, 1.0, 2.0, 3.0]
[0.838888384324603, 0.9943329479532168, 0.8522325081317975, 0.8357628783352092]
0.8803041796862067
0.07635394416318587
 
10
[0, 1, 2, 3, 4, 5, 6, 7]
[0.8774395138894048, 0.9285039972960499, 0.888522271073438, 0.958448172774266, 0.8981836673748689, 0.9571679843701255, 1.001432221083935, 1.0002679186829628]
0.9387457183181314
0.048510917100674185
[0.0, 1.0, 2.0, 3.0]
[0.8147060960318152, 0.8516025471795776, 0.8597126504953705, 1.0017005234856844]
0.8819304542981119
0.08221394158640587
 
